   1.0000000e+00   1.5216574e-01   6.1347831e-01   3.6973987e-01   1.2139609e+00  -4.8872867e-01  -2.0330203e-01
   1.0000000e+00  -5.0728262e-01  -2.0112458e-01   4.1412496e-01   1.9063691e+00   1.0262600e+00   1.9461078e+00
   2.0000000e+00  -4.9980897e-01   9.2936735e-01  -1.6402233e+00   1.6602777e-01   2.4994383e-01   6.4779698e-01
   2.0000000e+00  -7.4069671e-01  -2.6497151e-01   2.5277361e+00   2.2730828e-01  -6.3236532e-01   1.1512774e-01
   1.0000000e+00   2.3586989e-01   7.6391858e-01   3.0539726e-01  -6.8576376e-01   6.8855246e-01   3.2532009e-03
   1.0000000e+00  -8.4522262e-01   1.3223890e+00   4.0987313e-01   3.8620109e-01   7.1178590e-01  -1.0921689e+00
   1.0000000e+00   7.0962238e-01  -1.0319174e+00   4.3133859e-01   4.8981877e-01  -1.7580618e+00  -8.5138746e-01
   2.0000000e+00  -3.0745937e-01  -1.4502572e+00   2.2415239e+00   4.8882891e-01  -1.5082164e+00   1.2648401e-01
   2.0000000e+00   7.2426595e-01  -4.0537938e-02  -5.1817804e-01   4.1475223e-01  -1.4886258e+00   4.8477883e-01
   1.0000000e+00  -4.6828929e-01   1.3292861e+00   7.3060784e-01   2.3247922e-01  -6.3984653e-01   9.1389789e-01
   2.0000000e+00   7.6856713e-01  -4.0051481e-01   7.4680260e-01   1.8501984e-01  -1.4195106e+00  -6.0011713e-01
   2.0000000e+00   1.7610449e+00  -6.7256962e-01   3.8945320e-02  -1.2345440e+00   5.9955967e-01   8.7280378e-01
   2.0000000e+00  -1.5574708e+00   6.9915795e-01  -8.2145799e-01   6.1064307e-01   2.8003325e-01   5.1110195e-01
   2.0000000e+00  -1.7832563e-01  -2.0490772e-01   1.4610388e+00   2.8208273e-01   8.6171533e-01   2.1895011e+00
   1.0000000e+00  -9.5097046e-01   1.3412658e-01   2.7376518e-01  -6.2092671e-01   8.9466684e-01  -6.1349634e-01
   2.0000000e+00  -1.5398232e+00   3.7936144e-01  -1.1861218e+00  -9.2550177e-01  -6.3527886e-01  -2.7246110e-01
   2.0000000e+00   4.0680578e-01  -5.4137072e-01  -5.5421624e-01   1.2061704e-02  -6.5476227e-01  -2.3608437e-01
   2.0000000e+00   6.1525382e-02  -1.1228461e+00  -2.0817625e-01  -2.5615604e-01   9.5468803e-01   7.1792697e-01
   2.0000000e+00  -9.3696405e-01   5.7656771e-01  -2.0922030e+00  -1.5734559e+00   1.4617144e-01   7.7582910e-01
   2.0000000e+00   1.0330111e+00   1.3662109e+00   3.9391423e-01   6.6400521e-01   3.2384653e-01   1.8103323e-01
   2.0000000e+00  -6.0633868e-01   1.2587381e+00  -1.2715445e-01  -1.1069128e+00  -2.2202447e+00   1.4552176e+00
   2.0000000e+00   7.4944257e-01   4.6337109e-01  -2.5192723e-02   8.7068308e-01   9.5163649e-01  -8.3588289e-01
   2.0000000e+00  -2.3368060e+00  -7.0649597e-01   1.1127820e+00   3.8468301e-01  -1.7814085e+00  -5.4943768e-01
   2.0000000e+00  -4.4182798e-01   5.5474499e-01  -3.4778532e-01  -3.1768377e-01  -3.9204175e-01  -6.8175771e-01
   2.0000000e+00   9.0996550e-01   2.9417221e+00  -2.7140699e-01   7.2930258e-01  -7.0740480e-01  -6.8338976e-01
   2.0000000e+00  -3.5057545e-01   4.6035236e-01  -5.9278352e-01  -6.3714249e-01  -3.3866853e-01  -2.3508348e-01
   2.0000000e+00  -1.6259883e+00   1.6466077e-01   5.6400883e-01   8.3342280e-01  -3.3347409e-01   2.0186600e+00
   2.0000000e+00   9.2120331e-01  -1.2225105e+00  -1.3824606e-01   2.5124482e+00  -4.4206759e-01  -2.9405537e-01
   1.0000000e+00   2.6770565e-01  -1.3820394e-01   8.2149302e-02   2.1925270e+00   7.1072464e-01   1.4964523e+00
   2.0000000e+00   1.5026276e-01  -1.5014919e+00  -6.9409226e-01  -2.5734540e-01  -1.0216373e+00   1.2424108e+00
   2.0000000e+00  -2.1297523e-01  -5.7693743e-01   1.3887581e+00   3.4025031e-01   1.1013675e+00  -8.3234905e-01
   1.0000000e+00  -1.2882725e-01  -3.8888173e-01   3.1094121e-01   1.8651566e+00  -2.0838745e-01  -8.3805133e-01
   2.0000000e+00   1.1650785e+00   1.0433036e+00  -5.1815670e-01   3.3608735e-01   6.4118603e-01   7.5134349e-01
   1.0000000e+00   8.2173435e-01   3.4252356e-01   5.5923928e-01   9.5987550e-01   1.0420834e-01  -1.7360312e+00
   2.0000000e+00  -1.9867400e-01  -9.3465230e-01   1.1824807e+00   9.7180131e-01   9.2591233e-01   7.1328038e-01
   2.0000000e+00  -1.1721845e+00  -7.6285051e-01  -7.9956066e-01  -2.7807937e-02   1.0880585e+00  -1.1972173e+00
   2.0000000e+00   1.6599549e+00   3.1194900e-01   3.9396343e-01   2.2503244e+00   1.7345738e+00  -1.2607909e+00
   2.0000000e+00  -1.4590768e+00   7.8951833e-01   1.2664536e+00   1.3225538e+00  -1.9093596e-01  -1.4097435e-01
   2.0000000e+00   1.9698400e-01  -6.9280472e-01   1.6606215e+00  -5.9386454e-01   6.9503962e-01   1.4625804e+00
   2.0000000e+00   1.2042046e+00   7.2400646e-01   4.6772579e-01   4.1664182e-01  -8.0863876e-01   1.1160265e+00
   1.0000000e+00  -4.7664614e-01   4.1910874e-01   7.2695962e-01   9.0660397e-03  -6.9657688e-01  -5.9730774e-01
   2.0000000e+00   1.2860895e+00   7.2759200e-01  -3.5102998e-01  -1.7017450e-01  -5.7522910e-01   2.4835165e-01
   1.0000000e+00  -5.1905532e-01  -7.2269291e-01   5.5096791e-01   1.5084304e-01  -2.3667573e-01   2.9641423e-02
   2.0000000e+00   4.9324649e-01  -7.4421292e-01  -1.1331372e+00  -1.4453666e+00   1.2486694e+00  -1.2285522e+00
   2.0000000e+00   1.7690718e-01   3.7215877e-01  -3.7835586e-01   4.3784986e-01   2.4062069e+00   5.1241097e-01
   1.0000000e+00  -3.9775837e-01  -6.2165971e-01   2.1085393e-01   5.6814290e-01  -5.0640012e-02   6.5050183e-02
   2.0000000e+00   2.0978365e-01   8.1822048e-01   1.0987518e+00  -7.0813376e-01  -1.1968044e+00  -2.0805119e+00
   2.0000000e+00  -2.8705328e-01   1.3880687e+00  -1.2036509e+00  -1.9104047e-01   2.6977141e-01  -2.4564495e-01
   2.0000000e+00  -1.4369277e+00   7.5209372e-01  -5.6263195e-01  -5.2989844e-02   5.6308053e-01  -2.2766883e+00
   2.0000000e+00   5.5345349e-01   2.6853335e-01  -1.5111530e-01   8.4547320e-01   8.3431910e-01  -6.1246146e-01
   2.0000000e+00  -2.6976629e+00   1.9696940e+00   2.7904983e-01   1.1879107e+00  -4.0562018e-01  -1.3912037e-02
   2.0000000e+00  -5.0193249e-01   5.9404566e-01   1.3800937e+00  -6.6705838e-01   3.9171230e-01   1.3797579e-01
   2.0000000e+00   2.2484505e+00   6.0097170e-01  -3.2876671e-01  -7.2349568e-01   9.3484616e-02   3.0255889e-01
   2.0000000e+00   7.0476680e-01   1.1922176e-01  -5.8291681e-01  -9.3402208e-01   1.5243306e+00  -8.6834284e-01
   2.0000000e+00  -2.6864192e-01  -5.1662473e-01  -1.6819831e+00  -4.1020454e-01   3.4422140e-01   1.9655022e+00
   2.0000000e+00   1.0309453e+00  -2.0992158e+00  -2.1855161e+00   1.6651979e-01  -8.7907595e-02   1.4063791e-01
   2.0000000e+00   1.8735262e-02  -1.6537617e-01  -2.8494524e-01   8.8908003e-01   1.4461359e-01   1.1958013e+00
   1.0000000e+00  -3.2965656e-01   5.9524584e-01   1.7025030e-01  -4.6801569e-01   1.0041165e+00  -2.4979859e-01
   2.0000000e+00  -3.8912162e-01   1.0113245e+00  -4.8976639e-01   1.1662592e+00  -7.4610077e-01   1.2437095e+00
   2.0000000e+00  -3.1556454e-01   2.7232255e-01  -1.5527652e+00   8.0020237e-01   5.1562827e-01   9.8656713e-01
   2.0000000e+00   3.3754242e-01  -1.2290284e+00  -1.2361162e+00  -5.2134765e-01  -1.4240904e-01   5.5548713e-01
   2.0000000e+00  -2.0538631e+00  -9.9004778e-01  -1.9593322e-01  -2.1819119e-01   1.2529896e+00   1.4106161e+00
   2.0000000e+00  -4.1978610e-01  -9.5780915e-01  -1.8726530e+00  -6.4498312e-02  -6.5841353e-03   2.0972777e+00
   2.0000000e+00  -1.1658783e+00   1.1873445e+00  -1.3864889e+00  -1.4441771e+00   7.7985616e-01   1.0056781e+00
   2.0000000e+00   2.1294279e+00  -1.7270468e+00   1.0758778e+00   1.7780862e+00  -6.5967786e-01  -1.1551682e-01
   2.0000000e+00   1.6565000e-02   7.5622190e-01   1.9923923e+00   2.1571981e+00  -2.3682384e-01  -1.2918210e-01
   1.0000000e+00  -2.4773829e-01  -1.0552339e-01   5.0145519e-01  -3.2456006e-02  -8.1335760e-01  -1.4843445e+00
   2.0000000e+00  -1.0258574e+00  -8.4713230e-01  -3.4825658e-02   2.0745947e-01  -1.2326891e-01  -5.0139931e-01
   2.0000000e+00   3.9635201e-01   2.2073412e+00  -5.4966434e-01  -1.6449999e-01   6.1945596e-01   1.1253731e-01
   2.0000000e+00  -8.7870304e-01  -1.0035503e+00   7.2362038e-01  -1.0108925e+00   1.4680655e+00  -1.1617423e+00
   1.0000000e+00  -4.0568359e-01  -1.1545185e+00   3.3346972e-01  -1.5230319e+00  -1.7158347e-01  -1.4166194e+00
   2.0000000e+00   1.0927417e+00  -3.0465280e-01   2.2828100e+00  -7.8759556e-01   2.3542868e-02   1.5154162e+00
   2.0000000e+00  -1.3020165e+00  -2.7906934e-01  -1.0271944e+00  -3.4410395e-01   6.3325425e-02   7.7364984e-01
   2.0000000e+00   6.2629761e-01  -1.1460415e+00  -1.4133743e-01  -5.9557766e-01  -7.9594767e-03  -1.2285158e+00
   2.0000000e+00  -3.2230549e-01   8.2525129e-01   2.0080517e+00  -3.7282978e-01  -1.6022088e-01  -1.8068737e+00
   2.0000000e+00  -8.9851375e-01  -1.5112314e+00   1.2541295e+00  -4.0496291e-01   2.2380139e-01  -1.5295588e+00
   2.0000000e+00   9.3546211e-01   2.8378889e-01  -4.4312301e-01   7.8623097e-02  -2.1864737e-01   1.0393744e-01
   2.0000000e+00   5.1723019e-01   9.0023578e-02   9.2081103e-01  -9.8218253e-01  -7.2995874e-01   1.5158227e+00
   2.0000000e+00  -6.8461379e-01  -7.2864913e-01  -1.8614691e-01   6.5586572e-02  -6.1276763e-01  -6.7694521e-01
   2.0000000e+00   1.1553577e+00   8.1756925e-01  -1.0825529e+00   1.6887435e-01   4.7300552e-01   2.0757208e+00
   2.0000000e+00  -8.0604084e-01  -1.3299618e+00   7.3387736e-01   1.0169423e+00   6.1969397e-01   4.1566738e-03
   2.0000000e+00   1.2148290e+00  -1.5528610e+00   9.9127810e-01  -7.5947558e-01  -9.8121996e-01  -4.3664470e-01
   1.0000000e+00  -3.2386766e-01   7.1101939e-01   3.3843389e-01   1.9453330e-01   5.8266556e-01   1.9560961e+00
   2.0000000e+00  -3.5589425e-01   6.0403106e-01  -1.4734715e+00  -1.0501841e+00   8.3033360e-01  -7.7703129e-01
   2.0000000e+00   7.5441650e-01   7.6279140e-01   1.4862028e+00   9.5273106e-01   6.6493152e-01  -4.0167080e-01
   1.0000000e+00  -9.0619728e-01  -1.6676896e+00   2.2122810e-01  -1.7510584e-01  -1.0686311e-01  -1.2300929e+00
   1.0000000e+00  -2.1004342e-01  -1.0492729e+00   5.0762055e-01  -9.2449810e-01   1.2600555e+00   1.2918561e+00
   2.0000000e+00  -8.3490094e-01  -1.0097880e-02  -3.4067635e-01   1.1313574e+00  -1.9622532e+00   1.9485650e+00
   2.0000000e+00   9.6080661e-01   2.3911165e-01  -1.7307802e+00   1.5865883e-01   4.3930210e-01   9.0569988e-01
   2.0000000e+00   1.0006429e+00   5.3323086e-01  -8.2926296e-01  -8.5232912e-01  -2.5476820e-01   2.5559378e-02
   2.0000000e+00   2.0278219e-01   5.8988302e-01   1.7600270e+00   7.5290250e-01  -9.6052869e-01  -8.5884771e-01
   2.0000000e+00   1.2631762e+00   8.4183381e-01  -1.2531359e+00   4.8131739e-01   3.3473233e-01   4.6771050e-01
   2.0000000e+00  -4.5931038e-01   4.4392827e-02   1.8475201e+00   1.5286957e+00  -5.4338881e-01  -3.9716373e-01
   1.0000000e+00   6.8238769e-01   2.4891196e+00   7.0175780e-01   6.6995228e-01   4.2791397e-01   1.3349701e+00
   2.0000000e+00   7.2921744e-01  -2.3059608e-01  -2.6211622e-01   2.9125697e-01  -3.8188125e-01  -1.6310568e+00
   2.0000000e+00  -1.0998158e+00  -3.1822943e-01   6.3416585e-01  -2.5858576e-01  -4.7057661e-01  -9.8975579e-01
   2.0000000e+00  -5.3258773e-01   1.0054275e+00  -4.0575232e-01  -1.3797714e-01  -1.4404976e-01  -2.6974020e-01
   2.0000000e+00   2.2461852e+00  -2.1879076e-01  -8.7550541e-01  -5.0333557e-01  -4.7925521e-01   9.4168058e-01
   2.0000000e+00  -6.3280999e-01  -3.7171555e-01  -1.2069791e+00   9.8590273e-01  -4.4559859e-01  -1.4805168e+00
   2.0000000e+00   9.4709412e-01  -1.5474872e+00   1.1416959e+00   1.2134355e-01  -5.9467294e-02   2.3859993e-01
   2.0000000e+00   1.4944779e-01  -8.5114111e-01  -3.0217283e+00   6.1894588e-01   2.7938023e-01  -1.2589555e+00
   2.0000000e+00   1.3360031e+00   1.3918904e+00  -9.6215941e-02   5.4622662e-02   2.1241453e+00  -1.1841218e+00
   2.0000000e+00   3.4374951e-03  -1.2935676e+00  -6.1577309e-01   1.0908770e-01   2.0349834e+00  -1.5998973e-02
   2.0000000e+00  -3.3697783e-01  -7.9435910e-01  -1.8701007e+00  -5.7458286e-01  -2.2441323e+00  -2.7171408e-01
   2.0000000e+00  -6.8885305e-01  -4.5715354e-03  -1.2058531e+00   1.1533599e+00   9.6598174e-01  -3.9467681e-01
   2.0000000e+00   4.5751720e-01   1.3368107e+00   1.7226087e+00   3.8244269e-02  -1.5483271e+00  -9.3972749e-01
   2.0000000e+00   1.1047152e+00  -1.7710525e+00   5.4036919e-01  -4.5574103e-01  -7.9169707e-01  -5.7954387e-01
   2.0000000e+00   1.6845515e+00  -3.2005782e-01  -8.5202170e-01   3.3540377e-01  -1.7419686e+00  -1.5072160e-01
   1.0000000e+00   5.0793303e-01   7.0170636e-01   5.5486620e-01   6.5586004e-01  -1.1072211e+00  -1.4344896e+00
   1.0000000e+00   2.2980342e-01   7.2889015e-01   5.4354855e-01   2.5755730e-01   1.5502447e+00  -3.8291808e-01
   2.0000000e+00   2.5168808e-01  -1.5838922e+00   1.0574696e+00   1.0155158e+00   1.0381444e-01  -4.4389646e-01
   2.0000000e+00   8.7901784e-01  -1.5602667e+00   1.2840099e+00   7.6458552e-01   2.4707943e-01   6.5040468e-01
   2.0000000e+00  -7.1361736e-01   6.9066630e-01  -4.4003789e-01  -2.3188242e+00   7.5717762e-01  -2.0516314e+00
   2.0000000e+00   6.7749160e-01  -1.4994174e+00   9.8993202e-01  -8.6825411e-01   3.5279333e-01  -6.2436970e-01
   2.0000000e+00   4.9041844e-01  -1.5209930e+00  -1.4616648e-01  -9.5906535e-01  -8.0717198e-01   1.7417640e+00
   2.0000000e+00   6.1054982e-01   1.5904474e-01  -7.6343766e-01  -4.0773618e-01  -5.7395771e-01  -8.1966029e-01
   2.0000000e+00   7.2722065e-01  -7.0506217e-02  -4.1939092e-01   1.3787874e+00  -1.2879694e+00  -1.4227468e-01
   2.0000000e+00  -1.2292529e+00  -1.6503104e-01  -1.1757719e+00  -8.0275517e-01  -2.0347026e+00   1.4070254e-01
   2.0000000e+00   1.9432678e+00  -7.3597514e-01   3.1882065e-01   1.2425084e+00   1.3314759e-01  -6.1939081e-02
   2.0000000e+00  -9.1461483e-01  -2.2557882e-01   9.4574160e-01   6.9430819e-01   1.0928817e+00  -4.3924374e-01
   2.0000000e+00  -1.1555542e+00   1.1417740e+00   4.4794991e-01   1.1404572e+00   5.8391849e-01   2.5948933e-01
   2.0000000e+00   1.0259450e+00  -9.6583681e-01   7.2802538e-01   1.4790383e+00  -7.7441841e-01  -1.2300467e+00
   2.0000000e+00  -1.0786107e+00  -5.0623761e-01  -1.4797046e+00   6.2580072e-01   5.5017525e-01   1.1335931e+00
   2.0000000e+00   1.5083735e+00  -9.0156657e-01   7.0690199e-01  -1.9828105e+00   1.8702664e+00  -2.7967110e-02
   2.0000000e+00   6.7461915e-01   8.5527680e-02  -1.0944194e+00   1.2398019e+00  -6.5272819e-01   3.9018387e-01
   1.0000000e+00   7.6928176e-01  -7.1483524e-01   2.7092510e-01  -1.1516034e-01   2.2402277e-01   7.8554877e-02
   2.0000000e+00  -8.3567770e-01   9.6322116e-01  -1.1424695e+00   3.0786903e-01  -2.4670167e-01  -7.9799234e-01
   2.0000000e+00   2.7321688e-01  -7.6968691e-01   2.0709089e+00  -1.9449030e+00  -1.5609279e-01   7.3985749e-01
   2.0000000e+00   1.8882946e-01   1.0082784e+00  -8.0104414e-01   1.8562159e+00   9.0767346e-01   8.8815046e-01
   2.0000000e+00  -9.9445070e-01   3.2442583e-01  -6.9658486e-02  -3.3471377e-02  -2.4498106e-01   1.9055064e+00
   2.0000000e+00   1.1574233e+00   4.8173523e-01  -9.7033154e-01  -5.9690513e-01   8.0315857e-02  -1.0396441e+00
   2.0000000e+00   8.5344947e-01  -1.1116672e+00   9.2122738e-01  -1.2848377e+00   1.0834441e+00   3.3254956e-01
   1.0000000e+00   3.5446002e-01  -5.0129027e-01   5.6745886e-01   1.2489308e+00  -2.0616175e-01   6.1318097e-01
   2.0000000e+00   3.4325816e-01  -5.2512183e-01  -9.7994069e-01   1.2612277e+00   1.6583952e+00  -4.1768234e-01
   1.0000000e+00  -5.9544487e-01   8.1569071e-01   1.6076320e-01  -1.0205693e+00   1.7170847e+00  -1.1715271e+00
   2.0000000e+00  -5.2754916e-01   1.0543222e+00  -3.1720650e-01   8.1110303e-01   2.3294397e-01   3.3611042e-01
   2.0000000e+00  -2.0520569e+00   3.9366682e-01  -1.5886408e+00  -5.3712491e-01   3.6496202e-01   1.1150568e-01
   2.0000000e+00   2.0974964e+00   1.6607224e+00  -1.2044901e+00  -1.2967360e+00  -2.8151220e-01   1.2268597e+00
   2.0000000e+00  -2.3237299e-01   1.3072468e+00  -5.8983343e-01  -7.2282902e-01   1.3147201e+00   6.3895844e-01
   1.0000000e+00   2.7191449e-01  -4.2589720e-01   6.2789371e-01   2.3585926e-01   3.6646781e-01   5.3241283e-01
   1.0000000e+00   5.0117760e-01  -2.1596615e+00   7.5638944e-01  -5.1411776e-01  -1.6286990e+00  -8.2251119e-01
   2.0000000e+00   8.6721756e-01   7.7118445e-01   2.1456516e+00  -5.2876128e-01   1.6787661e+00   5.9912792e-01
   2.0000000e+00  -3.1071670e-01   1.2952589e+00  -1.4144264e+00  -2.0002000e-01   2.5075263e-01   2.0399684e-01
   1.0000000e+00  -4.6290638e-01  -1.8256112e-01   3.9949506e-01   6.5765598e-01  -3.3956035e-02  -6.5954643e-01
   2.0000000e+00  -7.4515105e-01  -1.0474079e+00  -8.1690805e-01   8.7697511e-01  -2.1852310e-01  -1.3691839e+00
   2.0000000e+00  -5.8601302e-01  -1.9308178e-01  -1.5187817e+00  -1.5090060e+00   6.6233565e-01   1.9149302e-02
   2.0000000e+00   8.8343074e-01   1.1100172e+00  -1.1806904e+00   1.3244480e-02  -3.6574137e-01   1.1789466e+00
   2.0000000e+00   2.6637641e-01   1.5318234e+00  -9.7370201e-01   3.6489208e-01   2.9063997e-01   1.1249327e+00
   2.0000000e+00   3.0593731e-01  -6.1250373e-01  -5.3650003e-01  -2.2288275e+00   1.7482599e+00   1.8504157e+00
   2.0000000e+00  -1.9635139e-01   2.0880622e-01  -6.2238288e-01  -7.5756869e-01  -1.6316877e+00   9.1930048e-01
   2.0000000e+00   9.0405397e-02  -7.1253909e-01  -9.2018240e-01   9.8303769e-01  -2.4884807e-01   1.0999075e+00
   2.0000000e+00   1.2547726e+00   8.3693589e-01  -2.9763654e-01   1.0077815e+00  -1.1685753e+00   3.4256921e-01
   2.0000000e+00   9.0583378e-01   1.1165463e+00  -4.2947345e-01  -6.0198197e-01   8.3194466e-01  -1.1687417e-01
   2.0000000e+00   3.7058937e-02   4.8747209e-01  -4.1544011e-01  -1.3029713e+00  -1.8136142e+00   1.1787544e-01
   2.0000000e+00  -1.8782184e-01   3.5252711e-01   9.9999553e-01  -2.4228109e+00  -1.4455531e+00  -2.7301671e-01
   1.0000000e+00  -4.6885687e-01   5.9193355e-01   2.4723010e-01  -2.0378352e-01  -2.3603103e+00  -2.5378470e-01
   2.0000000e+00  -2.8458253e-01   5.1868765e-01  -7.3719243e-02   5.6840748e-02  -7.5003421e-01  -1.3836699e+00
   2.0000000e+00  -6.0897771e-01  -1.5115196e-01  -6.4379926e-01   3.1847231e-01   2.2799254e-01   3.9438006e-01
   2.0000000e+00   1.6451952e+00  -7.1067625e-01   5.8727695e-01   4.5226047e-01  -6.6150919e-01  -1.2241776e+00
   2.0000000e+00  -9.9925952e-02  -2.4944274e-01   1.2635165e+00   2.0460089e-01   1.5081185e-01   1.9565842e+00
   2.0000000e+00   1.0628690e+00  -1.9641572e-01  -1.6055515e-01   2.7753713e-01  -7.8842781e-01  -1.0579933e+00
   2.0000000e+00   1.8574240e+00  -8.3820200e-02  -3.7151390e-01  -1.3383373e+00   8.2839851e-01  -4.9803577e-01
   1.0000000e+00  -2.3543984e-01  -4.9513617e-01   7.0545363e-01  -5.7263314e-01  -1.6695720e-01  -1.6453370e+00
   1.0000000e+00   9.7572103e-01   2.1658570e+00   1.8383283e-01   6.1402942e-01  -5.8646612e-01   7.4416273e-01
   1.0000000e+00  -3.5734928e-01  -7.9083570e-01   1.1103094e-01  -5.5451492e-01  -1.1716583e+00   9.0047295e-01
   2.0000000e+00  -3.2744285e-02   7.6707042e-01   1.1086846e+00  -1.2822362e+00  -1.5863914e+00  -7.5045948e-01
   2.0000000e+00  -6.0134554e-01  -2.2117823e-01   2.0101873e+00  -7.0288357e-01  -2.0969439e+00   7.3679999e-02
   2.0000000e+00  -1.4791127e+00  -9.3434793e-01  -1.4306761e+00   1.6695367e+00   1.5275009e+00   8.5091082e-01
   2.0000000e+00   4.2543497e-01  -6.3555787e-01  -2.6096085e+00  -2.2670357e+00  -5.4019639e-01   6.5680953e-01
   2.0000000e+00  -3.7382120e-01  -1.8658917e+00   1.2174181e+00   1.1596232e+00  -2.0248093e+00   6.4305465e-02
   2.0000000e+00  -7.7082513e-01  -5.5287983e-01  -7.9678723e-02   5.7333118e-02   2.2931454e-03  -1.1528054e+00
   2.0000000e+00  -1.8424092e+00   9.4528827e-01   1.4633859e-01   1.2024641e+00   1.6035783e+00   7.5447512e-01
   2.0000000e+00   1.0933644e+00   2.1886056e-01   6.9308105e-01   1.3776998e+00  -1.9352607e-01  -2.7567500e-01
   2.0000000e+00  -1.4073775e+00   5.1605224e-01  -5.7627020e-02   7.3615294e-02  -2.0345724e+00  -5.5454075e-01
   2.0000000e+00   1.1412242e+00   7.7525340e-01   6.8342142e-01  -1.2572844e+00  -2.0079830e+00  -3.2572747e-02
   2.0000000e+00   2.6702797e+00   1.3233514e-01  -1.1853062e+00   6.3807333e-01   3.1778897e-01  -2.6365256e-02
   2.0000000e+00  -1.3509996e+00   8.0000751e-02   1.0150817e+00  -1.1967078e+00   1.7540358e+00   1.2841768e+00
   1.0000000e+00   4.3945132e-01   5.5802170e-01   2.5666553e-01   5.4277643e-01   5.5523933e-01   1.8852812e+00
   2.0000000e+00  -4.4434585e-02  -2.2296577e+00  -1.5462807e-01   2.7955708e-01   2.6044105e-01   5.0994163e-01
   2.0000000e+00   8.7987936e-02   5.3636369e-01   1.1647686e+00  -4.2683418e-01   4.5119127e-01   3.8317127e-01
   2.0000000e+00   2.9631459e+00  -6.5339679e-01   2.6688831e-01   5.4189332e-01   1.1051776e+00   8.4139927e-01
   2.0000000e+00   7.4054509e-01   2.9434763e+00  -6.5790158e-01   6.3496534e-01  -3.5191834e-01  -3.5385503e-01
   2.0000000e+00  -1.1248349e+00  -5.0564735e-01   7.0784211e-01  -4.2551247e-03   2.9901278e-01   1.3973020e+00
   1.0000000e+00  -3.9146000e-01  -3.1557602e-01   3.0700703e-01  -6.8884276e-02  -7.5703622e-01  -6.0215145e-01
   2.0000000e+00  -6.3456367e-02  -3.2040844e-01  -7.1426337e-01   1.1501605e+00   9.2170987e-01   2.3761527e-01
   2.0000000e+00   1.2275329e+00   1.6094981e+00  -3.9480177e-02   7.7592365e-01  -9.4679872e-01   1.2941084e+00
   2.0000000e+00   6.0925897e-01  -1.4031454e+00   1.2997273e+00  -8.9450929e-01   6.2670485e-02   6.9205077e-01
   2.0000000e+00   1.5032756e+00   3.1076566e-01  -3.5531605e-01  -2.7124590e-01   6.9403566e-01   3.3334923e-01
   2.0000000e+00  -1.1405858e+00  -3.5628848e-01   6.5217444e-01   5.9199505e-01  -8.1943657e-01  -2.4089097e-01
   2.0000000e+00   1.8798199e+00  -1.6930371e-01   4.0654943e-01   1.5014127e-03   1.2669914e+00   7.1672089e-01
   2.0000000e+00   2.8988005e+00  -3.2383225e-01  -4.3762863e-01   7.3807506e-01   1.2382410e+00  -9.0142540e-01
   2.0000000e+00  -4.1197311e-01   4.8651898e-01   1.0672769e+00   1.5692481e+00   8.6327086e-01   2.0795446e+00
   2.0000000e+00  -1.0531258e+00  -6.5108900e-02  -6.9977170e-01  -1.3860382e+00   1.7759815e+00   8.0549916e-01
   1.0000000e+00   9.6005074e-01  -3.9114858e-01   2.7901942e-02  -3.6847959e-01  -6.8841653e-01   9.8582337e-01
   2.0000000e+00   2.7038635e+00  -5.0654829e-01  -1.6000079e+00  -6.2992374e-01  -2.9463201e-02  -5.6213632e-01
   1.0000000e+00   4.0256364e-01  -8.9824529e-01   5.1394206e-01   9.4856516e-01  -4.4429831e-01  -1.3476989e+00
   2.0000000e+00  -6.4397241e-01  -8.4456356e-02  -1.0415199e+00   1.2573077e+00  -8.6243045e-01  -3.1965968e-01
   1.0000000e+00  -6.4645434e-01   1.1133290e-01   4.2086861e-01  -8.7084792e-01  -2.1989899e+00  -5.3469795e-01
   2.0000000e+00   9.4841772e-01   5.3320328e-02  -5.5782087e-01  -1.7152351e+00  -9.8525267e-03  -2.8824149e+00
   2.0000000e+00  -7.2938528e-01   1.5045381e+00  -1.1449238e+00  -1.2465942e+00  -4.4792459e-01   4.7341253e-01
   1.0000000e+00  -5.0761308e-01   1.1254253e-01   4.5588779e-01   6.0285790e-01  -6.1828340e-01   2.9891100e-02
   2.0000000e+00   1.5071380e-01  -4.0398144e-02  -3.3108118e-01   1.1842553e-01   1.2239399e+00   1.0180642e+00
   2.0000000e+00   8.0385331e-01  -5.7165094e-01  -2.0178739e-01   1.3680165e+00   1.3951363e+00  -1.9132177e+00
   1.0000000e+00  -5.9275413e-01   9.1917539e-01   4.5121625e-02  -3.4696695e-02   2.1800359e-01  -8.8609062e-01
   2.0000000e+00   3.1803547e-01   6.4022079e-01  -2.8244283e-01   7.7708328e-01   7.0274435e-01  -2.2730721e-01
   2.0000000e+00  -1.4710640e+00  -7.4576040e-01  -2.1693040e+00  -1.4012612e+00   1.1965944e+00   5.3395950e-01
   1.0000000e+00  -6.7674615e-01   6.7467356e-02   5.5702189e-02  -6.7309604e-01  -1.4885908e-01  -8.9772068e-01
   2.0000000e+00  -2.3890221e-01  -4.9920895e-01  -1.7895241e+00   5.2261416e-01   2.0921043e-01  -4.7761806e-02
   2.0000000e+00  -6.9345295e-01  -8.9579202e-02  -1.0500920e+00  -1.4719986e+00  -8.4326618e-01   1.0058095e+00
   2.0000000e+00  -1.4562480e+00  -3.1003915e-01   2.4047111e+00  -1.3598265e+00   5.5855031e-01   8.6636563e-01
   1.0000000e+00  -7.9399906e-01   7.3180563e-01   4.1073194e-01   1.4957598e+00   1.1555912e-01  -8.3904682e-01
   2.0000000e+00  -1.5792500e+00   1.6800632e-01  -9.8648355e-01   1.1706046e+00   9.4241826e-01   7.8581513e-02
   2.0000000e+00   1.0764659e+00   1.2702005e+00   2.9336427e-01   1.3454498e-01   3.1030349e-01  -3.6553495e-01
   2.0000000e+00   2.6102795e+00   6.7912973e-01  -1.3670708e+00   4.2702300e-01   2.8482329e-02   1.6652852e+00
   2.0000000e+00  -1.7354176e-01   6.2423550e-01   1.1948324e+00   7.8475116e-03   2.1883454e-01   1.2822991e+00
   2.0000000e+00  -4.8404028e-01  -3.6569182e-01  -1.9348068e+00  -1.6064671e-01   7.6302532e-02  -2.6443563e+00
   1.0000000e+00   3.5587372e-03  -1.4284188e+00   6.6847898e-01   2.1946947e-01  -7.9268391e-01  -5.4604551e-01
   2.0000000e+00  -8.3149411e-01   8.9772602e-01  -4.9507254e-01  -6.7462119e-01  -1.6313238e+00  -2.7951461e-01
   1.0000000e+00  -8.6078236e-01   1.9463697e+00   1.9399621e-01   1.3078539e-01  -1.2293133e+00  -6.9714311e-01
   2.0000000e+00  -4.7828392e-01  -1.3819764e+00  -9.4989597e-01   1.3055344e+00   3.3128077e-01  -5.8774524e-01
   1.0000000e+00  -9.1620255e-01   3.2381854e-01   2.4729661e-01  -4.4761972e-01   1.4209663e-01   1.6138551e+00
   2.0000000e+00  -6.0207748e-02  -3.2181497e+00   1.9203701e+00   1.3271725e+00  -6.5533241e-01   9.5091527e-01
   2.0000000e+00   4.8016306e-01  -2.0189762e-01  -1.9108555e-01   9.2514586e-01   3.5367683e-01  -3.9976252e-01
   2.0000000e+00  -2.6610708e-01  -2.3898538e+00   1.1303542e+00   2.4058193e-01   1.4755577e-01  -1.7687153e+00
   2.0000000e+00   1.2892502e+00   3.6401902e-01   8.8081240e-01   7.7822956e-01  -1.9825179e+00   9.7512311e-01
   2.0000000e+00   1.2176625e+00   6.2863139e-01  -4.3653693e-02  -2.3719405e-01  -1.6627893e-01  -1.0545955e-02
   2.0000000e+00   1.5960377e+00  -6.3420731e-01  -8.4386846e-01  -2.5142611e-01  -4.6194432e-03  -2.2313947e-01
   2.0000000e+00  -3.9840049e-01  -2.4084200e-01  -8.4463109e-01  -1.4639564e+00  -3.1709727e-01   6.1861866e-01
   2.0000000e+00  -5.6770536e-01   5.6700791e-03   1.3529292e+00  -6.0627219e-01  -1.3881318e+00  -9.5358674e-01
   1.0000000e+00   6.3384112e-01  -8.5852187e-01   2.5001325e-01   5.4234784e-01  -3.1176064e-02   5.8000659e-01
   2.0000000e+00   1.7504059e+00  -8.3700972e-01   6.5762066e-01   1.2917760e+00  -4.5178590e-01  -5.8444831e-01
   2.0000000e+00  -1.3085825e+00   2.7815443e-01   2.0808740e-01   2.5329697e+00   3.1717103e-01  -4.9528553e-01
   2.0000000e+00  -1.3938520e+00   6.9975023e-01  -1.4352707e+00  -1.1034291e+00  -1.9733005e-01  -8.0646573e-01
   2.0000000e+00   1.4779534e+00  -2.1687657e+00  -9.0598463e-01   9.5232347e-02   4.5847852e-01   8.7397171e-01
   2.0000000e+00  -1.7558342e+00  -4.3522482e-01  -8.5222529e-01  -7.3458561e-01   7.4103987e-01  -1.3266209e+00
   2.0000000e+00   2.2395697e-01  -2.6767539e-01  -1.9849325e+00   1.1970815e+00  -6.9988111e-01   1.7816122e+00
   1.0000000e+00  -1.7569943e-02   9.9422666e-01   4.7269288e-01  -1.1946439e+00   7.3565116e-01   9.4276986e-01
   2.0000000e+00  -2.4094075e-01  -7.5722836e-01  -9.6681326e-01   1.8203009e+00   4.3768163e-01  -8.8719735e-01
   2.0000000e+00  -4.3912996e-01  -5.0997895e-02  -1.5272873e+00  -2.2255513e-01  -6.7031368e-01   4.2441665e-01
   2.0000000e+00   1.9325836e-02   1.2223933e-01  -2.9700881e-02  -1.6374524e-01  -6.7156742e-01   1.5195811e-01
   2.0000000e+00   1.4763927e+00   7.7567613e-01  -9.3889220e-03   5.8339766e-02  -2.3782320e+00   8.5800348e-01
   2.0000000e+00  -1.5948936e+00   9.0174249e-01  -1.5009095e-01  -1.9436081e-01   2.3234190e-01   2.0680045e+00
   2.0000000e+00  -1.1444665e-01  -3.7707824e-01  -3.9920785e-02   8.7182383e-02  -4.9492523e-01  -6.8171459e-01
   2.0000000e+00   6.9509365e-02   7.3370823e-01  -1.3604339e+00   6.1735801e-01   4.7586709e-01   8.0734113e-02
   2.0000000e+00  -1.0095067e+00  -8.8615236e-01   1.3411947e+00   7.7353430e-01   1.0244230e+00   2.1216854e+00
   1.0000000e+00  -3.5176073e-01  -6.6235929e-01   1.7465741e-01  -2.6394752e-01  -4.2498038e-03  -3.8188469e-01
   2.0000000e+00  -5.6976990e-01   5.2711520e-01   1.2000733e+00   1.4580045e-01  -1.6503085e+00   7.2991771e-01
   2.0000000e+00   6.3008050e-01   9.2973537e-01  -1.1821874e+00   6.2316753e-01  -4.3642534e-01  -2.2748844e-02
   2.0000000e+00  -1.6449555e+00  -1.0849467e+00  -1.0703445e-01  -5.8252519e-01  -1.4144271e-01   2.4747941e-01
   2.0000000e+00  -1.2575477e+00   1.1141868e+00   1.6303947e+00   1.3946254e+00   2.5822342e+00   1.2507176e+00
   2.0000000e+00  -4.0117375e-01   3.3664710e-01   1.1539837e+00   8.3568913e-01   9.1436708e-01   1.7451484e+00
   2.0000000e+00  -1.2157525e-01   1.1732841e+00  -2.4345678e+00   9.2245735e-01  -4.5709611e-01   7.7161581e-01
   2.0000000e+00  -1.3148721e+00   2.9537713e-01  -1.0434622e-01   1.7567810e+00  -8.7096234e-02  -7.6310195e-01
   2.0000000e+00  -8.2885758e-01   1.2694997e+00  -1.4582788e+00  -1.0224919e+00   2.8642678e+00  -1.3664696e+00
   2.0000000e+00  -5.5586393e-01   1.0942602e+00  -5.3162374e-01   2.6094136e+00  -7.2942735e-02   2.6659653e-01
   1.0000000e+00   6.3440703e-01  -7.4074243e-01   6.4373504e-01   2.8036764e+00  -1.1144285e+00   1.2853664e+00
   2.0000000e+00  -1.2176919e+00   9.9231750e-01  -1.3874419e+00  -2.2697703e-01   4.5540032e-01   1.5522083e+00
   2.0000000e+00  -1.7101452e-01   5.4237795e-01   1.3432843e+00  -8.2871212e-01  -5.2607170e-01  -1.8616452e+00
   2.0000000e+00  -1.0905408e+00  -3.9262622e-02  -6.8114126e-01   1.3984326e+00  -4.7553815e-01  -1.0593634e-01
   1.0000000e+00  -2.8873122e-01   5.5651240e-01   6.8337376e-01  -9.3528157e-01   8.1555190e-01   5.2137762e-01
   2.0000000e+00   6.4660159e-01   6.8654204e-01   8.2098649e-01  -1.5342670e+00  -4.4424160e-01  -5.9869046e-01
   2.0000000e+00  -3.7503853e-01  -1.5312396e+00  -7.3664511e-02  -6.5102806e-01  -9.0739194e-02  -2.0092116e+00
   2.0000000e+00  -1.5897266e+00  -1.2852430e+00  -3.5861674e-01  -2.7393170e-01  -1.6216258e+00   1.0651428e+00
   2.0000000e+00  -1.1632185e+00   3.5446888e-01  -5.3232878e-01  -1.0218977e-01   1.4727733e+00   1.7913060e-01
   2.0000000e+00   2.1245526e-01   4.7974628e-01  -4.7948854e-01   1.0655988e+00  -4.0071142e-01   3.9310844e-01
   2.0000000e+00  -1.9812760e+00   9.9534291e-02  -8.8831028e-01   1.0979587e+00   1.9149566e-01   6.6577137e-01
   2.0000000e+00   1.3031782e+00  -3.4067869e-01  -1.0057351e-01  -4.5053251e-01  -2.1898265e-01  -4.9449140e-01
   2.0000000e+00  -2.2094745e+00   7.4585573e-01  -2.4406747e-01  -4.5316112e-01  -6.9899403e-01  -1.4428207e+00
   2.0000000e+00  -7.5622052e-01  -1.5651953e+00   1.0622697e+00  -1.5469646e+00   6.8297398e-01   6.9884970e-01
   2.0000000e+00   5.3521157e-01   4.8952119e-01  -1.1958427e+00   2.9374919e-01  -1.6612811e-01   1.0654700e+00
   2.0000000e+00   2.5976684e+00   2.6458109e-01  -4.5730118e-01  -1.1759703e+00  -9.6640219e-04  -3.8751848e-01
   2.0000000e+00   7.5963113e-01  -1.4383501e-01  -4.9427500e-01  -1.0297916e+00  -1.8120766e+00   3.5019929e-01
   2.0000000e+00  -9.2348360e-01   1.0424458e+00  -1.9299158e+00  -1.7014050e+00   7.9907671e-01  -9.2136056e-01
   2.0000000e+00  -1.2006792e+00   2.4147244e+00   1.3805341e-01  -1.8209405e+00  -2.7774380e-01   5.2188740e-01
   2.0000000e+00   1.7405201e-01  -1.0961560e+00  -1.3628538e+00  -7.0254608e-03  -5.7895209e-01   2.7138344e-01
   2.0000000e+00  -2.1688886e+00   1.4935120e-01  -5.5576178e-02   4.5781016e-01  -9.8088375e-01  -1.4681189e+00
   2.0000000e+00  -1.9947695e+00  -9.4667897e-01   1.8509555e+00   1.0331969e+00   2.8517829e-01  -1.7757192e-01
   1.0000000e+00  -5.3109682e-02  -7.6181191e-01   4.0143984e-01   1.5375948e+00   2.5913173e-01  -1.8185432e+00
   2.0000000e+00   5.1740737e-01  -1.7804710e-01   1.3027184e+00  -5.8619994e-01   7.2065847e-02   2.1871638e-01
   2.0000000e+00   1.3229734e+00   6.2991151e-01  -8.9554498e-01  -1.5730311e+00  -7.2234668e-01   6.5672862e-01
   2.0000000e+00   1.2790721e+00   1.2817507e+00  -6.2978736e-01  -1.3774981e+00  -1.2317481e+00  -3.5934351e-01
   2.0000000e+00  -1.7040712e+00   3.8679248e-01  -8.2541259e-02  -8.8272753e-01  -9.7735025e-01   3.3048225e-01
   2.0000000e+00   2.7282570e-01   3.7565049e-01  -7.0514285e-01   9.8152048e-01   4.1773189e-01   9.8014040e-01
   2.0000000e+00   5.1971703e-01   3.9233817e-01  -1.0500931e+00   6.0158086e-01   1.7551107e-02   3.9208161e-01
   2.0000000e+00  -1.1411745e+00  -7.2917331e-01  -3.8468833e-01   1.5442465e-01   2.0742636e+00  -1.4180634e+00
   2.0000000e+00  -5.9423118e-01  -2.2716760e-01  -5.0931589e-01   6.2013592e-01  -2.0192643e-01  -2.2084424e-01
   2.0000000e+00   3.9694585e-02   5.9744132e-01  -1.1269936e+00   5.2074476e-02   7.8686889e-01   1.7577292e+00
   2.0000000e+00  -1.4581889e-01  -2.2259287e+00  -5.9645186e-01   2.0786014e-01   6.4425252e-01  -7.7431681e-01
   2.0000000e+00  -5.2839152e-01  -2.0129317e+00   1.8660379e+00  -1.1349723e+00   6.9897563e-01   9.0867365e-02
   2.0000000e+00  -6.7902448e-01   1.0708833e-01   7.6695337e-01   1.8942506e-01  -3.1581312e-01  -6.1370683e-01
   1.0000000e+00  -5.9367506e-01   2.6215682e-01   3.8340951e-01   1.0424259e+00   1.3899607e-01  -1.8057231e+00
   2.0000000e+00  -1.7079990e+00  -2.8259140e-01  -2.4612601e+00  -3.2967303e-01   1.2347468e+00   1.7355515e-01
   2.0000000e+00  -3.7382636e-01  -4.6787458e-01  -1.4817074e+00   1.0675334e-01   1.6403752e-01  -3.7845137e-01
   2.0000000e+00   2.0141735e+00  -7.9523966e-01  -1.7037344e-01   1.5345846e+00   1.4716235e-01  -2.0783840e+00
   2.0000000e+00  -1.3515598e+00  -1.0002835e-01  -1.0723030e+00  -1.3795229e+00  -1.0040113e+00  -7.0544735e-01
   1.0000000e+00   6.3765982e-01  -3.1860189e-01   3.1749323e-01  -2.8171848e-01  -1.9230030e+00  -3.7818079e-01
   1.0000000e+00   7.5892509e-01  -5.8778280e-01   5.1674064e-01  -2.3019908e+00  -5.2469015e-01   3.1496317e-02
   1.0000000e+00   2.8792576e-01   1.2709284e+00   8.0744831e-01   2.1991053e-01   8.7898084e-01   4.8240772e-01
   2.0000000e+00   5.9465141e-01   4.0409628e-01   1.0661259e+00   1.2564366e+00   1.3630289e+00  -5.7642391e-01
   2.0000000e+00  -2.2303645e-01   1.6605303e+00  -1.5607785e+00  -3.2103494e-02  -2.4947108e-01   6.3072505e-01
   2.0000000e+00  -1.6235298e+00   5.9608959e-01  -5.0416702e-01   1.4002264e+00   4.9648483e-01   2.1640894e-01
   1.0000000e+00  -7.2073190e-01   8.4396758e-01   2.8742085e-01   8.6903855e-01  -1.3411991e+00  -1.7690346e-01
   1.0000000e+00  -6.0325503e-01   4.2984405e-01   2.9968116e-01  -9.8071419e-01  -6.0402948e-01  -8.5276788e-01
   1.0000000e+00   5.1390964e-01   3.2373759e-01   4.9398671e-02  -1.9429491e+00  -3.2624115e-01  -3.4204284e-01
   2.0000000e+00   7.8364884e-01   8.3627334e-01  -2.3474143e-01  -8.2500745e-01  -1.4702009e+00   8.4474591e-01
   1.0000000e+00  -2.0308980e-01  -1.3611077e+00   1.6895985e-01  -8.8907585e-01  -9.1718456e-02  -6.4479566e-01
   2.0000000e+00   3.6429804e-01  -8.1944135e-01   1.2412610e+00  -7.3009163e-02   1.6346331e+00  -2.3251332e+00
   2.0000000e+00  -4.1282352e-01   1.4003564e+00  -1.4471793e+00   5.5756849e-01  -9.3572994e-01   3.6457988e-01
   2.0000000e+00  -5.9126770e-01   2.5096753e-01  -1.0102425e+00  -6.8779149e-01  -1.7592628e+00  -1.3844274e+00
   2.0000000e+00  -7.9350423e-01  -1.5529142e-01  -4.2378764e-01  -5.6318127e-01   2.8312178e-01  -1.4852158e-01
   2.0000000e+00   6.0951877e-02   1.2373457e+00  -2.2456306e-01  -2.0463433e-01   9.4465450e-01   5.2239650e-01
   2.0000000e+00  -1.9207225e-01   1.7524594e-01  -5.8550797e-01   1.7554226e-01  -7.9593502e-01  -8.4020131e-02
   2.0000000e+00  -8.3064053e-01  -2.2117025e-01  -7.0229381e-01   1.6776609e+00   1.1256550e+00  -1.0662550e+00
   2.0000000e+00  -4.3320523e-01  -1.2147251e+00  -5.7465529e-01  -1.3494549e+00  -6.2357523e-02   1.9469003e+00
   2.0000000e+00  -1.8931595e-01  -8.1569953e-01  -4.9334088e-01   1.2214140e+00   3.5260572e-01   1.1104987e+00
   2.0000000e+00  -1.5610985e+00   7.8073519e-01   5.9052912e-01   1.1500542e+00   4.0829115e-01  -1.2787955e+00
   2.0000000e+00  -5.9346835e-01  -4.0928360e-01  -1.2811717e-01   5.2682125e-01   2.1987269e-01   1.3760691e+00
   2.0000000e+00  -7.1848880e-01   9.0195241e-01  -1.1049142e+00   9.1997974e-01  -4.2589539e-02  -9.0829311e-02
   2.0000000e+00   1.2302666e+00   7.4400647e-01   1.1791879e-01  -1.0981559e+00  -1.5743032e-02   4.5676568e-01
   2.0000000e+00  -1.1356403e+00   7.2880225e-01  -9.9101068e-01  -1.7971935e-01  -1.7710450e+00  -4.9684007e-01
   2.0000000e+00   8.4829608e-01   2.5958482e-01  -2.4202644e+00  -4.3061879e-01   5.4428137e-01  -1.5783070e+00
   2.0000000e+00   1.4590294e+00  -6.8110812e-01  -1.2301619e+00   2.3721935e+00  -2.1197258e-01   1.0844997e+00
   2.0000000e+00  -5.0670392e-02   1.5956209e-01  -3.8800670e-01   1.5797446e+00  -4.1815862e-01   2.5237516e-01
   1.0000000e+00  -2.0202424e-01  -1.1036593e+00   2.0889266e-01  -4.0100377e-01  -3.2479482e-01   1.6151559e+00
   2.0000000e+00   1.2604891e+00   2.1800842e+00  -8.8039072e-01   1.1301020e+00   1.4343845e-01  -3.8173405e-01
   2.0000000e+00  -6.7456478e-01  -2.7547239e+00  -2.1948163e+00  -9.5540768e-01  -3.1930633e-01  -6.9384080e-01
   2.0000000e+00  -9.4649724e-01   2.3856638e-01  -1.3498486e+00  -1.0368243e+00   2.4262346e+00   9.1548432e-01
   1.0000000e+00  -1.6612437e-01  -2.9785920e-01   5.8331238e-01   5.9363999e-01   4.0170967e-01   9.5465296e-01
   2.0000000e+00   3.5434432e+00  -5.4342287e-01   2.1905776e+00   8.3440123e-01   5.6380824e-01   6.5290947e-01
   2.0000000e+00   3.8299779e-02   8.6643210e-01  -9.9607902e-02   5.6392998e-01   1.6315022e+00  -8.9093131e-01
   2.0000000e+00  -1.0181980e+00   1.7685377e-02  -1.5818587e-01   1.8083848e+00   9.1280855e-01   7.5759913e-02
   2.0000000e+00  -2.3618109e+00  -2.0293895e+00   1.1530574e+00   7.5106416e-01   6.4450062e-01  -1.3324282e-01
   2.0000000e+00  -7.6888609e-01  -1.0020854e+00   2.0224934e+00  -2.0764238e+00  -1.2690061e+00   3.9383719e-01
   2.0000000e+00  -4.5611985e-01  -1.5471273e+00  -1.0851558e+00  -7.3643064e-01  -9.4917179e-01  -5.5008433e-01
   2.0000000e+00   6.1203508e-01   8.8633551e-01  -4.1425448e-02  -1.3486499e+00   3.6178019e-01  -8.3420936e-01
   2.0000000e+00  -7.7411712e-01   1.0744492e+00  -6.2180923e-01  -4.4135538e-01  -1.2671659e+00   9.0785476e-01
   2.0000000e+00  -7.7637434e-02  -3.5877222e-01  -2.3146835e+00  -1.1682082e+00  -7.6963746e-01  -1.3681956e+00
   1.0000000e+00  -4.1119525e-01   1.9064145e+00   2.3490143e-01   7.8879388e-01  -6.4649261e-01   4.2064890e-01
   2.0000000e+00   6.6999630e-01  -7.4647981e-02   1.0779342e+00   3.2970018e-01   6.1654937e-01   6.2695170e-01
   2.0000000e+00   1.6729818e+00   6.0509711e-01  -1.0834733e+00  -2.9608129e-01   1.2309302e+00  -6.1246289e-01
   1.0000000e+00   2.1659901e-01  -5.8074134e-01   1.8249284e-01  -3.7004529e-01   5.8362542e-01  -8.2504291e-01
   1.0000000e+00  -2.0526841e-01   1.3209277e+00   2.7599143e-01  -3.3030761e-01  -6.8013346e-01   8.3661359e-01
   2.0000000e+00   1.3174269e-01   4.8129833e-01  -4.9608389e-01  -9.2888488e-02  -2.3122966e+00  -1.7231040e+00
   2.0000000e+00   9.5719112e-01  -1.8185500e-01   6.2467386e-01   1.8276939e+00  -7.1424338e-01   8.4591158e-01
   1.0000000e+00   4.4541839e-01   1.0881264e+00   1.6558691e-01  -4.5379507e-01  -1.4845358e+00   1.3626409e+00
   2.0000000e+00   1.1547541e+00  -1.3170971e+00  -3.3479836e-01   1.0065684e+00   1.3286956e-01  -9.2437262e-01
   2.0000000e+00  -1.4515282e+00   3.9552956e-02  -2.0561959e+00   6.3890495e-01  -2.4576149e-02   9.6820961e-01
   2.0000000e+00  -1.3627749e+00  -3.1066917e+00   1.1899696e+00   1.8264097e+00   1.9767570e-01   1.5504285e+00
   2.0000000e+00   8.0766545e-01  -2.0267167e-01   1.2933670e+00  -8.0595565e-01  -9.7381434e-01   1.0634069e+00
   1.0000000e+00   4.8486043e-01   7.4793491e-01   4.4399266e-01   2.0116710e+00  -3.9397790e-01   1.6610714e-01
   2.0000000e+00   3.5105521e-01   3.4701699e-01  -3.5861584e-01   2.0663601e+00   2.8580724e-01   6.7608614e-02
   2.0000000e+00   3.7090754e-01  -9.7462417e-01   9.9356063e-01   8.7993350e-02  -1.0608266e+00  -1.1057511e+00
   2.0000000e+00  -1.3444236e+00   1.4575513e-01   2.8689835e-01  -2.0524849e-01   4.2658679e-01   1.2862383e+00
   2.0000000e+00   6.0180172e-01   1.3782541e+00   1.3208624e+00  -5.8874972e-01   1.9368753e-02  -1.3715674e+00
   2.0000000e+00  -4.4302870e-01   1.6621701e-01  -5.1532354e-01  -1.2053433e+00  -1.7534221e+00   7.9545681e-01
   2.0000000e+00  -5.8022319e-01  -6.5424260e-02  -3.5985450e-02   3.5912184e-01   6.7982567e-01   1.6764127e+00
   2.0000000e+00  -1.0034012e+00  -1.1361136e+00   3.6202910e-01   9.2769193e-01  -1.2127829e+00   6.0294690e-01
   2.0000000e+00   4.6148627e-01   1.2799362e+00  -1.7527291e+00  -3.9626717e-01   1.1511991e-01   2.2473873e+00
   2.0000000e+00  -1.1498097e+00   2.8228214e-01  -5.5375784e-01  -5.4816728e-01   5.7213141e-01  -1.1523495e-01
   2.0000000e+00   9.6063884e-01   1.4752467e-01  -9.5155325e-01  -5.5701450e-01   4.0479655e-01  -1.9543829e-01
   1.0000000e+00   2.5002930e-01   1.0725003e+00   5.4285088e-01   6.2884254e-01   5.8388164e-01   2.6417528e-01
   2.0000000e+00  -1.0012265e+00  -6.4297539e-01  -2.9662146e-01  -8.7921081e-01   1.7998041e-01  -1.8077238e+00
   2.0000000e+00  -7.2015283e-01   1.0589575e-02  -3.8946545e-01  -5.4729782e-01  -1.0666437e+00  -2.5099951e-01
   2.0000000e+00   1.8861075e-01  -1.0741401e+00  -5.7672927e-01   2.0287941e-01   7.7937588e-02  -4.9109271e-01
   2.0000000e+00   2.5277455e-03  -1.2296285e+00  -5.5076408e-01  -1.5140942e+00   2.3134131e-01   1.2474821e+00
   2.0000000e+00  -9.7449797e-01  -6.2290439e-01  -2.7728027e-01  -9.3176366e-01  -2.2044358e-01   1.1629440e+00
   2.0000000e+00  -1.1905071e+00   9.9437826e-01   1.1975223e+00  -3.8459804e-01  -5.4495236e-01   1.6056684e+00
   2.0000000e+00   1.4138997e+00  -1.5659050e-01  -2.1983798e+00   1.1385234e+00  -6.5533203e-01  -4.5301836e-01
   2.0000000e+00   8.4943679e-01   4.8599091e-02  -1.8425206e+00  -9.2836047e-01   5.8817248e-01  -6.0757825e-01
   2.0000000e+00   1.7276959e+00   2.2807337e+00  -6.1874943e-01   1.9038272e+00  -2.0521349e-01   2.0652632e+00
   2.0000000e+00  -4.7655286e-01   3.1285763e-01  -6.5022777e-01   1.5021854e+00   4.5622248e-01  -1.1039685e+00
   1.0000000e+00   4.9415179e-01  -3.7927463e-01   1.3390401e-01   1.4347536e+00   1.4738198e+00   6.0871151e-01
   2.0000000e+00   3.5354231e-01  -5.0804398e-01  -9.6818015e-01   1.4272717e-01   5.6188200e-01   6.5252220e-01
   1.0000000e+00  -8.5381272e-01  -1.8814703e+00   4.2135327e-01   1.5643474e+00   2.2797535e-01   2.9322438e-03
   2.0000000e+00   3.2280901e-01  -6.9529813e-01   1.0544055e+00  -1.7389994e+00   1.7389207e+00  -5.0662687e-02
   2.0000000e+00  -4.1625849e-01  -3.9889962e-01  -1.1199259e+00  -8.1192856e-01  -1.6127412e+00  -1.4305486e+00
   2.0000000e+00   1.0198283e+00  -1.3890847e+00  -1.7226208e-01  -5.0867001e-02  -2.8176708e-01   1.2865496e+00
   2.0000000e+00   3.0772050e-02   8.2469345e-01  -2.9439303e-01  -2.2603142e+00  -1.1645677e+00   2.1918593e+00
   2.0000000e+00   6.1529099e-01   4.0716711e-01  -1.7131232e-01  -2.9861305e-01  -1.8706561e+00   1.7138959e-01
   2.0000000e+00  -1.6509893e-01  -2.3605121e+00  -1.2170632e+00  -1.6266854e+00  -2.0348978e-02   3.8119270e-01
   2.0000000e+00  -1.7773641e+00   5.7518427e-01   5.5648612e-01  -5.9329153e-01   2.4998262e-02   1.0337762e+00
   2.0000000e+00  -1.2751723e+00   1.3442021e+00  -1.4228268e-01   7.3814502e-02   1.3852917e+00  -4.9740305e-01
   2.0000000e+00  -7.1090293e-01   1.2873767e+00   8.0613133e-01  -1.8066639e-01   4.7426850e-01   4.6332208e-01
   2.0000000e+00   6.5805931e-01  -9.7912145e-03   9.1019503e-01   6.8092233e-01   1.7881329e-01   1.8175618e+00
   2.0000000e+00  -3.1557404e-01   6.9277668e-01  -1.3870642e+00  -9.8232996e-01   3.5862272e-01  -6.7422864e-02
   2.0000000e+00  -2.1537259e+00  -2.1301373e-01   3.8142313e-01   1.0972232e-01   9.1216581e-01   2.4860859e-01
   2.0000000e+00  -1.1492971e+00   4.9671273e-01   6.8059257e-01   1.1231076e+00   3.7922071e-01   3.9079445e-01
   2.0000000e+00  -4.3337754e-01  -4.3396868e-01  -2.0978512e-01   1.6419497e-01   1.9622537e+00   1.2953155e+00
   1.0000000e+00   7.3419931e-02   1.3176016e+00   3.0470958e-01   9.3186040e-01   1.1145585e+00   6.9641434e-01
   2.0000000e+00   1.8614015e+00  -3.2693136e-01   2.1043029e-02  -2.4021119e+00   1.7811182e-01  -2.3608073e-01
   2.0000000e+00  -4.2381312e-01  -9.5800674e-01  -7.6640594e-01   2.2467811e-01  -9.7653125e-01   4.3355385e-01
   2.0000000e+00  -9.2401029e-01  -4.1520473e-02   1.3829414e+00  -1.5452566e+00   1.8685859e-01  -1.8286379e-01
   1.0000000e+00  -3.0513249e-01  -7.0383667e-01   5.4268118e-01   1.3685541e+00   1.5074029e+00  -4.3691437e-01
   2.0000000e+00   6.4560668e-01  -1.0232877e+00  -2.3543393e-01  -7.5680095e-02   1.3833229e-03   2.1540055e-03
   2.0000000e+00   4.3543229e-01  -2.9119738e-01  -3.3125604e-01   1.0940127e+00  -6.5558743e-01  -9.1873529e-01
   1.0000000e+00  -8.5224584e-01   4.4810412e-01   2.5348513e-01  -3.0579938e-01  -5.2667164e-01   5.8692718e-01
   2.0000000e+00  -1.0924414e+00   3.1777586e-01   5.1743032e-01   1.7426707e+00  -1.8086938e-01  -1.6441585e+00
   2.0000000e+00  -6.5801331e-01   8.4513445e-01  -2.4719861e+00   1.2882342e+00   1.1828146e+00  -3.4439568e-01
   1.0000000e+00  -3.7319803e-02  -4.7684679e-01   2.6105716e-01   1.1890658e-01  -1.1929069e+00   7.2014580e-01
   2.0000000e+00   6.8348844e-01   1.2943535e+00  -2.5834968e-01   8.6726653e-01  -1.9853124e+00   3.2119061e-01
   2.0000000e+00  -2.3000710e+00  -7.0709226e-01   3.9456595e-01  -5.4132614e-01   3.1584138e-01   7.2209351e-01
   2.0000000e+00   7.3048511e-01  -3.0474456e-01  -1.6276055e+00  -1.0832424e-01   2.7313036e+00   2.6446908e-01
   1.0000000e+00  -2.0237304e-01   1.0431784e-02   3.5932387e-03  -4.4410549e-01  -4.2453417e-01  -6.6897247e-01
   2.0000000e+00   1.5818796e+00  -5.1978152e-01  -5.1741346e-01  -1.3322619e+00  -9.3610301e-01   3.8264747e-01
   2.0000000e+00  -1.8846317e-01  -2.3075271e+00  -3.0117822e-01  -2.9847858e-01   5.7410156e-01   1.3405475e+00
   2.0000000e+00   6.0122553e-01   5.7380283e-01  -1.4328444e+00   2.8063130e-01  -6.0590360e-01  -3.1152461e-01
   2.0000000e+00   1.2765439e+00  -6.4580881e-01  -1.8179250e+00   1.4796079e-01   3.8783264e-01  -9.8457816e-01
   2.0000000e+00   1.5008986e-01   6.9486852e-01  -7.4837828e-01  -1.3980048e+00  -2.9051812e-01   9.7469780e-02
   2.0000000e+00  -9.9775362e-01   3.8535510e-01  -2.5074609e-01   1.3314652e+00   9.6338462e-01   1.1318099e+00
   2.0000000e+00   2.9260925e-01   7.8768679e-02   1.3720270e+00  -5.3792741e-01   1.4349255e-01   9.2679301e-01
   2.0000000e+00   1.9622546e-01  -1.2932217e+00  -3.0952888e-01  -3.3865512e-01   9.5575982e-01  -2.6446143e-01
   1.0000000e+00   7.7443565e-01   6.9676759e-01   4.9795464e-01   6.7853487e-01  -5.7632479e-01  -5.4122167e-01
   2.0000000e+00   1.0616641e+00  -9.7743488e-01   3.0608507e-01   6.4087534e-02  -2.1215184e+00   2.0007703e-01
   2.0000000e+00  -3.8446505e-01   1.1760822e+00  -2.7655470e-01  -1.8981973e-01   1.1012556e+00   2.7190969e-01
   2.0000000e+00  -8.6576587e-02  -1.7641680e+00   1.4974329e+00   1.2253948e+00  -2.9946665e+00  -1.1748561e+00
   2.0000000e+00   2.1908870e-02   4.8150121e-01  -1.2371705e-01   1.1137088e+00  -1.5280130e-01  -1.3472093e-01
   2.0000000e+00   1.5358409e+00   5.2179077e-01   4.8990067e-01  -1.2785845e+00   1.5213985e-01  -1.8936079e+00
   2.0000000e+00  -3.1803387e-01   2.8622351e-01  -4.8363970e-01   7.9460838e-01  -1.5198781e-01   5.0223443e-01
   2.0000000e+00   1.4118382e+00  -9.1538115e-01  -4.8373985e-01  -5.2229187e-01   2.5161360e+00  -1.4426066e+00
   2.0000000e+00  -6.0997080e-01  -1.5997537e+00  -1.0889475e+00  -5.3224546e-01  -1.4843214e+00  -4.5011539e-01
   2.0000000e+00   7.0597518e-01   6.5217205e-01  -3.8692027e-01  -4.7434834e-01   5.4743770e-01   1.9902337e-01
   1.0000000e+00  -2.6036299e-01  -1.9304030e+00   7.6188817e-01  -4.9683976e-02  -3.2860001e-01  -4.2350552e-01
   2.0000000e+00   5.1204804e-01  -7.1829596e-01   1.1781730e+00   2.2878646e-01   2.0104288e-01   7.4878185e-01
   1.0000000e+00   7.3776789e-01   9.1010300e-01   5.6557063e-01   3.7994314e-01   3.4069000e-01   1.0362609e+00
   1.0000000e+00  -2.9907781e-02   4.1207648e-01   8.1987218e-02   1.3846205e-01   6.0159618e-01   6.4081137e-01
   1.0000000e+00   8.2975999e-01  -7.3700815e-01   4.2939643e-01  -8.7975053e-02   6.0391549e-02  -1.5366877e+00
   2.0000000e+00   7.3948786e-01   2.8174751e-01  -1.7138137e+00  -9.3950762e-01  -1.4830964e+00   3.2669614e-02
   2.0000000e+00   1.3117659e+00   3.4990504e-01  -8.2599908e-01  -1.2866616e+00  -3.6102014e-01   2.4960260e+00
   2.0000000e+00   2.1280915e+00   1.9417786e-01   5.1634853e-01  -1.1934579e+00   1.8511274e+00   1.9998856e+00
   2.0000000e+00  -3.7351949e+00   7.4972504e-01   1.7009077e+00   8.1770482e-01  -1.6173053e-01   1.7714945e-01
   1.0000000e+00  -1.4361063e-03  -1.8751016e-01   4.7615460e-01  -2.3514109e-01  -5.2927891e-01   7.3570358e-02
   1.0000000e+00  -8.5749753e-01  -1.6947151e+00   4.0670427e-01  -1.6586124e+00   5.1221961e-01  -2.3788521e-01
   1.0000000e+00   3.7046087e-01   6.1210918e-01   1.5877879e-01  -3.9124624e-01  -1.9071132e+00   2.2784897e-01
   2.0000000e+00   1.7087824e-01  -7.1799576e-01  -9.2802365e-01  -2.4406404e-01   1.6247402e+00   2.9717460e-01
   2.0000000e+00   8.9894387e-01   5.7767819e-01  -2.1664759e+00   1.0611286e+00   3.8448231e-01  -1.2492508e+00
   2.0000000e+00  -8.8424867e-01   4.0988668e-01  -6.4950136e-01   1.6449887e+00   6.0993026e-01   1.1462326e+00
   2.0000000e+00   2.0487011e+00  -1.7922444e+00  -7.1431708e-01  -1.1461110e-01  -2.1280080e+00  -1.0744999e+00
   2.0000000e+00   1.8309538e+00  -1.9201677e+00   5.4322109e-01   8.6791470e-01   1.8618641e+00   1.0927608e+00
   2.0000000e+00   1.8832906e-01   2.5126623e-01  -1.3755728e+00  -5.4343118e-01   5.8684914e-01   1.6002436e-01
   2.0000000e+00  -5.0912500e-01   1.0926942e+00   1.0500734e+00  -1.3839061e+00   2.8030633e-01   3.4940258e-01
   2.0000000e+00  -3.7286957e-01   1.1830715e+00  -4.3776576e-01  -9.5816453e-01  -7.9522589e-01  -4.3692670e-01
   2.0000000e+00   1.7693108e+00   2.9566261e-01  -7.3079103e-01   1.5442805e+00  -1.0160351e+00   2.2000673e-01
   1.0000000e+00  -5.7073897e-01  -1.4857978e+00   2.9404915e-01  -1.0209932e-01  -1.2294361e+00  -2.5742076e-01
   2.0000000e+00  -2.5636798e-01  -1.8253940e+00  -1.1393392e+00   7.6693148e-01   1.0518866e+00  -4.0129041e-01
   1.0000000e+00   8.0892959e-01   6.2235206e-01   2.0819431e-01   7.4550189e-01   1.5299138e-01   1.3884960e+00
   2.0000000e+00  -1.0662636e+00   9.7759912e-02  -1.0207579e+00   2.0537559e-01  -3.7133698e-01   1.6495795e-01
   2.0000000e+00   8.2442416e-01  -5.7257616e-01   1.0886816e+00   7.9299911e-01   1.4712530e+00  -3.9641945e-02
   2.0000000e+00  -1.0642810e-01  -8.7566046e-01   1.5237493e+00  -7.6345300e-01   1.2489109e+00  -3.5882396e-01
   2.0000000e+00   4.0801511e-01  -5.9651646e-01   1.4430033e+00   9.1209198e-01   1.0384735e+00   1.8048957e+00
   2.0000000e+00   9.6833009e-01   1.9770383e-01   4.6366390e-01  -1.1824327e+00  -1.7746389e-01   1.5430989e-01
   2.0000000e+00  -2.4019334e+00   5.6705651e-01  -9.4466874e-01  -1.2081515e+00   1.5203714e+00   8.6751402e-01
   2.0000000e+00  -9.8179441e-01   5.2293633e-01  -8.7698102e-01   1.7208631e-01  -1.9941147e-04  -6.1503079e-01
   2.0000000e+00  -1.6399810e-02  -7.6086250e-01  -2.0780056e+00  -3.0803096e-01  -4.7467466e-01   2.6016131e-01
   2.0000000e+00   3.3672516e-01  -3.0510656e+00  -2.4268992e-01   3.9576559e-01   1.4682044e+00   1.1597035e-02
   2.0000000e+00  -2.6377409e-01  -2.2232910e-01   1.1516497e+00   1.0766434e+00  -1.1417639e+00   1.2025875e+00
   2.0000000e+00   2.3969208e-01  -8.9027369e-01  -2.1002999e-01   5.0545933e-01   1.3427653e+00   1.4984119e+00
   2.0000000e+00  -1.4945115e-01  -6.6018399e-01  -5.3750849e-01   1.9532568e-01   8.5292286e-02   2.9598055e-01
   2.0000000e+00   1.5929398e+00  -7.1854132e-02   1.6649686e+00  -4.9410597e-01  -6.5409252e-01  -1.0443657e+00
   1.0000000e+00   8.2891597e-01  -1.4075731e+00   3.1491560e-01   1.7097437e+00  -2.2548133e-01  -6.9460775e-02
   1.0000000e+00   3.4525755e-01  -8.1861582e-01   5.5017251e-01  -7.5142663e-01   2.6119746e+00   3.4549240e-01
   2.0000000e+00   1.4410398e+00  -1.0760597e+00   1.8064371e-01  -1.2190578e-01   7.4859323e-02  -1.5930351e+00
   2.0000000e+00  -8.9614860e-01   6.9451471e-01  -5.5302285e-01  -1.6698983e+00  -1.1842293e+00  -3.4134924e-01
   1.0000000e+00   1.3798866e-01   1.6617962e-01   3.5008399e-01  -1.6193518e+00  -2.6111330e+00   2.8692613e-01
   2.0000000e+00   9.7851374e-01   1.3006652e+00   7.2905599e-01   8.6890714e-01  -1.6809222e-01   4.9109725e-01
   2.0000000e+00  -1.4587301e+00   1.3404101e+00  -1.5537912e+00  -1.9481857e-01  -4.9819088e-01  -1.4406844e+00
   1.0000000e+00  -1.2284524e-01  -8.5578589e-01   5.8014774e-01  -8.5894202e-01  -5.5761820e-01   3.4424423e-01
   1.0000000e+00   3.1370990e-01  -1.9782349e+00   3.0420000e-02  -5.4572975e-02  -7.1757162e-01  -1.1126143e+00
   2.0000000e+00   6.7961781e-01  -1.2269359e+00  -1.3990958e+00  -4.3688106e-01   1.3479686e-01  -1.0979157e+00
   2.0000000e+00   3.5482139e-01  -3.7337521e-01   1.4763275e+00   9.2552422e-01  -1.9386063e-01  -9.8443028e-01
   2.0000000e+00  -1.8609298e+00  -5.9233231e-01  -1.4845157e-01  -6.0244091e-01  -3.2993393e-01  -2.9883545e+00
   1.0000000e+00  -9.3735324e-01   1.7878078e+00   2.8381369e-01  -4.2105641e-01   7.5021868e-01   9.9697809e-02
   2.0000000e+00  -9.0148874e-01  -9.6201411e-01  -2.2721973e-02   1.0273774e+00   8.0706047e-01  -6.3363790e-01
   2.0000000e+00  -3.2323976e-01   1.8938011e+00  -1.6294403e-01   5.8193167e-01   1.0091801e-01  -5.8154970e-01
   2.0000000e+00  -1.1289328e+00   1.8457259e-01   2.1215523e+00   2.4205896e-01   8.7285763e-03  -1.8635530e+00
   2.0000000e+00   2.1646056e+00  -6.1058023e-01  -1.3248920e+00  -6.2931017e-01   2.5750111e-01  -1.6931788e-01
   2.0000000e+00   2.0710421e+00   9.9766408e-01   3.2611961e-01  -2.3371685e-01   7.7579428e-01  -7.2996094e-01
   1.0000000e+00  -4.3804767e-01   1.3086254e-01   4.4357111e-01   1.0888905e+00  -2.0386002e+00  -6.5378343e-01
   2.0000000e+00   2.0229024e-01   3.5733696e-01  -2.4857171e+00   4.7776724e-01   1.5936188e-01   5.1162686e-01
   2.0000000e+00   4.0513945e-01   8.1493634e-01  -4.4311457e-01   1.9711498e-01  -5.9223433e-01   3.9481445e-01
   2.0000000e+00   6.7148683e-01   6.5486652e-01  -7.9074706e-01  -1.3173752e+00  -3.2766070e-01   2.8673917e-01
   2.0000000e+00  -1.3605225e+00   1.0331229e+00   4.5316155e-01   2.1359739e-01  -1.4716393e+00   4.5348368e-01
   1.0000000e+00   5.5011976e-01   3.0462003e-01   1.3593280e-01  -6.4079489e-01   4.8565090e-01  -1.4076881e-01
   2.0000000e+00  -2.3328727e+00  -3.7748891e-01   4.9767870e-01  -5.0034429e-01   1.1496248e+00   5.5426337e-02
   2.0000000e+00  -5.2456309e-01   2.5675231e-01  -1.0748923e+00  -5.9720495e-01  -1.1500985e+00   8.7401269e-01
   2.0000000e+00  -1.0840477e+00   9.2244444e-01   6.8873267e-01   4.8377585e-01  -2.7572580e-01   8.2952487e-01
   2.0000000e+00   4.3556680e-01   5.8995371e-01  -1.2258487e+00  -1.2866150e-01   8.3384956e-01  -1.4799035e+00
   2.0000000e+00  -1.0782167e+00  -5.4959887e-01  -1.3180244e+00  -2.6996624e-01  -1.4482201e+00   1.4519898e+00
   2.0000000e+00  -7.3097557e-01   1.7313134e+00  -7.4863158e-01   1.0099888e+00   3.8508404e-01   4.4248746e-02
   2.0000000e+00  -4.7599395e-01  -1.5773341e-01  -1.4595375e+00   8.7299950e-01  -1.3933781e+00   1.3420841e-01
   2.0000000e+00  -2.5083886e-01  -4.4406084e-01   2.0597436e+00   8.2093406e-01  -3.5608431e-01  -1.7422690e+00
   2.0000000e+00   7.4464692e-02   1.0905344e-01   2.1100913e+00   8.8220464e-01  -1.3068456e-02  -1.6601672e+00
   1.0000000e+00   1.4668607e-01  -8.7127913e-01   3.1776884e-01   4.7709214e-01   5.2868114e-01   1.3551224e+00
   2.0000000e+00   1.2896844e+00   2.2856284e+00  -7.5841081e-01  -9.5934776e-01  -1.3835707e+00  -2.2802657e+00
   2.0000000e+00   5.1178913e-01  -3.7162392e-01  -1.6753091e+00   1.8933163e-02   3.9383030e-01   7.6212632e-02
   2.0000000e+00   4.4904853e-02   4.5596371e-01  -2.4935541e-01   8.3568465e-01  -3.6377406e-01  -2.6540292e+00
   2.0000000e+00  -7.6480786e-01   6.1771781e-01   9.9134640e-01   5.1418552e-01   1.6176837e-01   5.8320257e-01
   2.0000000e+00   2.9980380e-01   5.5547323e-01  -7.8809927e-01   9.3758929e-01   8.9819263e-01   1.4651844e+00
   2.0000000e+00  -5.6655335e-01   2.1503563e-01  -1.6368137e+00   6.8350978e-01   3.2287228e-01  -8.6041342e-01
   1.0000000e+00   1.4909566e-01  -9.8125082e-01   9.5047585e-01   3.6328394e-01  -2.8043149e-01  -1.0090802e+00
   2.0000000e+00  -1.2320831e+00   1.8102901e-01  -1.0849499e+00   4.4569549e-01   4.1444369e-01  -1.3258202e-02
