   2.0000000e+00   1.1100616e+00  -3.8266509e-01  -1.0819240e-01   5.6640305e-01  -3.6871565e-01   3.2573545e-01
   1.0000000e+00  -4.9397401e-01   3.5430709e-01   4.3063554e-01   4.1571565e-01   5.0255564e-01   1.5493694e+00
   2.0000000e+00  -1.5542789e+00  -5.1408295e-01  -1.3487565e+00   2.6510202e-01   1.4250856e+00   1.2666066e+00
   2.0000000e+00  -8.2448266e-01   7.4860396e-01   2.0090372e-01  -1.0482722e+00  -1.3998933e-01  -8.2806084e-01
   1.0000000e+00   7.2097163e-01  -1.4610194e+00   7.3954311e-01   1.5593791e+00   1.8085318e-01  -1.7087102e+00
   1.0000000e+00   1.5154957e+00   9.4010688e-01  -6.7887444e-01  -3.0408810e-01   5.9897179e-01   2.1336840e-01
   2.0000000e+00   8.7568174e-02   8.5240827e-01   1.1778204e+00  -2.2056408e-01  -9.4936787e-01  -1.7862984e+00
   1.0000000e+00  -2.8595132e-02   1.0850031e+00   6.2772060e-02  -1.7607206e+00   6.9598174e-01  -6.7206926e-01
   2.0000000e+00   3.3178309e-01   1.2423713e-01   2.2263159e+00   1.4336339e+00  -1.1777943e+00   1.9600485e+00
   1.0000000e+00   1.5683499e+00  -1.4196607e+00   4.5746900e-01  -1.2340084e+00   3.3489916e-01   3.0197548e-01
   2.0000000e+00  -1.1669470e+00   9.3423047e-01   6.5779884e-01  -7.7423483e-02  -2.3354322e-01   1.1953408e+00
   2.0000000e+00  -1.3512862e+00  -8.1984702e-01   1.7253327e+00  -2.3563392e+00  -1.2381300e+00   1.7767420e-01
   2.0000000e+00   4.8068559e-01   1.8589451e+00   2.1888616e-01  -4.2612619e-02  -1.8267905e+00   6.9611022e-01
   2.0000000e+00  -1.7581182e-02  -1.5471227e+00  -3.0895789e-01   9.1711335e-01   1.0854239e+00  -1.9609781e+00
   2.0000000e+00   9.4158994e-02   8.7282556e-01   4.1978243e-01   9.3751505e-01  -5.7586867e-01   4.8182793e-02
   1.0000000e+00  -7.4425032e-01   4.6083217e-01  -7.0031283e-02   3.0158829e-01   2.7434275e-01   1.3349395e+00
   2.0000000e+00   3.6706226e-01   6.2953089e-01   4.3880328e-01   7.8929510e-01  -2.4256886e-01  -9.4156941e-01
   2.0000000e+00   2.1206155e-01  -8.2110667e-01   5.5731082e-01   3.8676599e-01  -7.1622059e-01   1.1515295e+00
   2.0000000e+00   1.9435003e-01  -5.1020405e-01  -9.3836887e-01   9.1723979e-01  -7.3732504e-01  -1.0889491e+00
   1.0000000e+00   2.2184674e+00  -8.7924897e-01  -2.7728566e-01  -1.1700428e+00   5.9574771e-01  -4.9221779e-01
   2.0000000e+00  -1.0436982e+00  -5.6686335e-01   2.4584226e-01   2.5753402e-01  -1.2524309e+00   6.2866977e-02
   2.0000000e+00   1.6053797e-01   9.9522204e-01   1.1032299e+00  -9.4838992e-02  -1.0206115e+00  -5.8713458e-01
   2.0000000e+00   2.6885438e-01  -2.7760731e-01   1.0386945e+00  -3.6870106e-01  -7.5795350e-01  -1.1281866e+00
   2.0000000e+00  -1.1841539e+00   4.6384692e-01   5.1742247e-01   2.1255130e+00   1.0677024e-01   7.4037164e-01
   2.0000000e+00   2.8340012e-01  -1.4333825e+00   9.7649368e-01   6.8281960e-01  -1.5457429e+00  -7.8694984e-02
   1.0000000e+00   7.1218558e-01  -9.6226715e-01  -1.9788535e-01   2.8486177e-01   1.1082389e-01   9.1683265e-01
   2.0000000e+00   6.7888358e-01   1.1162855e+00   1.2955990e+00   1.4052877e+00  -4.0998235e-01   1.8077742e+00
   2.0000000e+00  -1.1259422e+00   3.8574616e-01  -7.1559276e-01   2.9681989e-01   9.6759401e-01  -2.9343874e-01
   2.0000000e+00   1.8477418e+00   1.1621831e-01   1.6034873e+00   6.8877180e-02  -4.7896157e-01   3.1863281e-01
   2.0000000e+00   1.8497864e+00  -9.5807523e-01  -6.5918357e-01   4.0031825e-01  -5.6104513e-01  -2.9017724e-01
   2.0000000e+00  -2.9756962e+00   1.0532629e+00   5.6437620e-01   3.9510307e-01  -9.5114371e-02   9.6583765e-01
   2.0000000e+00  -7.5214066e-01  -9.2554157e-01  -7.3614816e-01  -5.7263551e-01  -2.1055034e+00   3.9916245e-01
   2.0000000e+00  -1.1005429e+00  -1.0392206e+00  -2.1566274e+00  -2.9374851e-01   6.7445831e-01   9.0552546e-01
   2.0000000e+00  -3.4399261e-01  -2.3062792e+00  -2.7185726e-02  -2.9037806e-01  -3.2652431e-01  -3.3963216e-01
   2.0000000e+00   9.8565649e-01   5.3635603e-02   7.6635724e-02   1.2041916e-01  -3.0138750e-01   3.7541783e-03
   2.0000000e+00   1.1161448e+00  -1.0413210e+00   7.5467790e-01  -7.5176290e-01   8.2917836e-01   9.0844427e-01
   2.0000000e+00  -9.2747453e-01  -2.2105250e-01   9.1957579e-01   8.4489373e-01  -1.2014774e+00   4.3971908e-01
   2.0000000e+00   3.4189808e-03   9.4702866e-01   1.5088393e+00   1.5451374e+00   4.0979841e-01   1.5040223e+00
   2.0000000e+00   1.6736113e+00  -8.1327039e-01  -7.0199831e-01  -5.9755613e-01  -1.4832687e-02   8.8405619e-01
   2.0000000e+00   1.6343723e+00  -3.6870883e-01   7.5108354e-02  -4.2900757e-01   2.1686349e+00  -1.0313095e+00
   2.0000000e+00   1.2656763e+00   9.7055970e-01  -1.3901360e-01   1.2107955e+00   2.4129319e+00  -1.4079454e+00
   2.0000000e+00   2.9295505e-01   1.0775674e-01   4.1611536e-01   1.4049849e+00  -5.3027243e-01  -5.6270845e-01
   2.0000000e+00   6.1742624e-01  -5.3344802e-01  -9.3360056e-01  -7.7528096e-01   9.7028287e-01   4.7903201e-02
   2.0000000e+00   8.5200117e-02  -1.7618225e+00   1.3512318e-01   2.0236618e+00   2.6970765e-01  -3.0980898e-01
   2.0000000e+00   6.9514773e-01  -3.9702394e-02   1.2651336e+00   9.5048762e-01   9.9116821e-01  -1.7319847e-02
   2.0000000e+00  -8.3400937e-01   8.8436900e-01  -1.6761385e+00   2.7773733e-01   8.4641562e-01  -6.8889816e-01
   2.0000000e+00   5.3447928e-02   1.4379328e+00   9.9333082e-01   5.8136686e-01  -2.0208319e-01  -9.6013357e-01
   2.0000000e+00   9.5795308e-01   4.4999479e-01   8.6892019e-01   1.1083380e+00   5.0383266e-01   3.5119939e-01
   2.0000000e+00  -7.5182078e-02  -5.7166362e-01  -1.5844649e+00   4.4817987e-01   1.8639257e-02   3.1468215e-01
   2.0000000e+00   3.2701538e-01   3.7060002e-03  -1.0522042e+00   1.0191855e+00   5.0624761e-01   2.4165641e+00
   2.0000000e+00   1.0449366e+00   1.9913629e+00   1.8855884e+00   1.3865517e-01   1.4810261e-01  -2.5546363e+00
   1.0000000e+00  -6.1801266e-01   1.8328642e-01   2.5089938e-01   1.2113046e+00   3.6998816e-01  -5.3715551e-01
   2.0000000e+00   1.5621511e-01  -1.5011517e+00   2.3014785e-01  -1.3349306e+00  -1.1936474e+00  -1.0296677e+00
   2.0000000e+00  -2.8248669e-02   1.6169108e-02   1.0404634e+00   9.6585764e-01  -6.7255713e-02   9.0023476e-01
   2.0000000e+00  -1.1756984e+00  -2.8688110e+00   1.3491067e+00   3.4488934e-01  -1.6775494e-01   3.5527658e-01
   2.0000000e+00   2.8636474e+00  -7.2029932e-01   1.1417060e+00  -2.2463905e+00   2.0552389e-01  -2.7906310e-02
   2.0000000e+00  -3.2851887e-01   2.6343745e+00   9.6448185e-01   4.7572853e-02   3.0151964e+00  -1.0472584e+00
   2.0000000e+00  -1.3390980e+00  -1.7716306e-01  -6.8529744e-01  -5.8579329e-01  -1.1862798e+00  -8.9052021e-03
   2.0000000e+00  -4.8875556e-01  -6.4129172e-01  -6.5767412e-01  -2.6429137e-01  -1.6524410e-01   4.0807725e-01
   2.0000000e+00  -1.4904769e+00   2.2866079e-01  -1.3985035e+00   2.4767846e+00  -9.5903251e-03   1.7655436e-02
   2.0000000e+00  -1.3515877e-02   6.1085869e-01  -2.0207813e+00   8.4838242e-01  -1.7233014e+00   2.4162536e-02
   2.0000000e+00   4.3341193e-01   1.3694686e+00   5.5987091e-01   1.0632932e+00  -2.9151274e-02   1.3873486e+00
   2.0000000e+00  -8.6809359e-01   1.7372845e-01   1.0149297e+00  -1.9747246e-01  -7.1495183e-01  -5.6385823e-01
   2.0000000e+00  -5.8678983e-01  -1.0626341e+00  -1.4666304e+00  -6.8404795e-02   7.7895075e-01  -9.4800036e-01
   2.0000000e+00   1.8366544e+00  -4.3188695e-01  -5.0979216e-01  -1.8094747e+00  -3.7362311e-01  -1.1389740e+00
   2.0000000e+00  -9.9105987e-01  -4.4384168e-01   4.9559368e-01   6.2547324e-01  -1.1262033e+00  -1.4708852e+00
   2.0000000e+00  -3.7282317e-01  -2.2847002e+00   5.5649677e-01  -1.2089972e+00  -4.9310154e-02   5.7068595e-01
   2.0000000e+00  -1.3604075e-01  -1.7173732e+00   6.1353056e-01  -3.9349232e-01   1.0458976e+00  -7.9547656e-01
   2.0000000e+00   4.3795970e-03   7.1941711e-01   1.4053645e-01  -1.8368982e-01  -7.8150567e-01   1.0631271e+00
   1.0000000e+00   8.8341599e-01  -9.9673237e-01   2.5486614e-02   1.5891913e-02   8.9465138e-01   4.8121606e-01
   2.0000000e+00  -1.4529655e+00  -1.9145016e+00   1.5320851e+00   4.9894481e-01   3.3376538e-01   7.1901068e-01
   2.0000000e+00  -3.9744998e-02   1.9131770e-01   2.0775494e-01   1.6190447e+00  -2.8679851e-01  -6.9162814e-01
   2.0000000e+00   4.6905666e-01   1.3235607e+00   1.0871221e+00  -1.6101628e-01  -1.0850446e+00  -1.8287452e+00
   2.0000000e+00  -8.5964982e-01   6.4175112e-01   1.5774966e+00  -5.0543973e-01   5.5847084e-01  -4.7682390e-01
   2.0000000e+00  -2.0692194e-01  -1.6009373e+00   3.8852223e-01   3.7762901e-01  -2.8685028e-02  -2.1253636e-01
   1.0000000e+00   3.3208693e-01  -8.5215251e-01   2.2639316e-01  -5.2993834e-01   3.9838217e-01  -9.3722024e-03
   2.0000000e+00   1.0165566e-01  -1.6469435e-01   1.9462432e+00  -2.3728423e-01   2.2010844e-02   6.8470348e-01
   1.0000000e+00   1.9240740e+00  -6.0098097e-01  -1.5078440e-01  -9.9780321e-01   7.4716432e-01  -1.3570433e+00
   2.0000000e+00   8.6112386e-01   1.7909999e-01  -1.7542262e+00  -1.4721858e-04   1.4300455e-01   8.2686286e-01
   2.0000000e+00   4.6341270e-01  -1.4795321e+00  -7.1101633e-02  -5.2567321e-01  -2.4492431e-01   1.2951677e+00
   2.0000000e+00   9.1075320e-01  -7.3567439e-01  -3.6560213e-02  -7.1918775e-01  -4.5241679e-01   8.8376719e-01
   2.0000000e+00  -7.0809353e-01  -2.3210433e-01  -1.2499179e+00  -3.0000045e-01  -9.1986232e-01   7.0502000e-01
   2.0000000e+00  -1.3552101e+00  -2.0122889e-01   2.4186395e-01  -9.7628214e-01  -1.1282999e-01   3.6776806e-02
   2.0000000e+00   4.1156260e-01  -2.4785266e+00   8.0020468e-01   3.1850935e-01   7.7772069e-01  -6.1012929e-01
   2.0000000e+00   4.3659653e-01  -9.3027502e-01   1.5116132e+00  -6.9031688e-01  -1.0248273e+00  -1.9405757e+00
   1.0000000e+00   3.9061975e-01   1.2077077e+00  -7.0890660e-01   1.0943712e+00   7.0053773e-02  -1.4148268e+00
   2.0000000e+00  -3.0991527e-02   4.2018826e-01   1.1957948e+00   2.1945363e-01   8.4899851e-01   1.6154920e+00
   2.0000000e+00   1.7662069e+00   9.9600996e-02  -9.2534361e-02  -8.3531173e-01  -1.5322809e+00   6.3499533e-01
   1.0000000e+00   2.0539968e-01  -9.2092618e-01   2.9696483e-01  -4.6499355e-01   8.5775988e-01  -4.0658627e-01
   2.0000000e+00  -1.0813228e+00  -3.7295339e-01  -4.4284241e-01   9.8944649e-01   1.5508522e+00   1.3197796e+00
   2.0000000e+00   4.0810218e-01   6.0217168e-01  -1.2228906e-01  -9.8964320e-01   1.3022257e+00   1.6735902e-02
   1.0000000e+00  -1.6613471e+00  -9.5966862e-02   2.4256125e-01   2.0678532e-01   7.8520383e-01  -7.9434712e-01
   2.0000000e+00   5.7612285e-01  -6.9543827e-01  -2.8624212e-01   1.8309433e+00  -7.6941172e-01  -8.9258428e-02
   2.0000000e+00   2.2754119e+00  -2.9914977e-01   6.3351015e-01   6.5862496e-01  -3.2061286e-01  -7.2952260e-01
   2.0000000e+00  -1.3045042e+00   1.1317345e+00  -1.2873415e+00   9.0835969e-01  -1.4709110e-01   5.8132772e-01
   1.0000000e+00  -3.1131514e-01   6.6184598e-01   4.8833414e-01   1.7618785e+00   8.7108669e-01  -3.1435166e-01
   2.0000000e+00   2.2455410e+00  -6.6425652e-01  -9.4525037e-01   5.5214304e-01   9.9009255e-01   1.0470413e+00
   2.0000000e+00   2.2500831e-01  -1.0442762e+00  -5.6920045e-02  -2.3144270e+00   5.8836806e-01  -4.5734812e-01
   1.0000000e+00   2.9886955e-01   1.4172659e+00  -3.5196840e-01   1.6459397e-01   6.8063534e-01  -3.7047080e-01
   2.0000000e+00   1.6186791e+00   8.6718629e-01  -6.8983274e-01   1.0273671e+00  -9.7051977e-01  -8.5752164e-02
   2.0000000e+00   1.2952609e+00   1.6827017e+00  -1.0405105e+00  -9.3888648e-02   1.2308383e+00  -5.0849840e-02
   2.0000000e+00   4.8263786e-01   3.0295776e-01   9.8303496e-01   8.9133257e-01  -6.6844369e-01   1.6870932e-01
   1.0000000e+00   1.4566873e+00  -7.3388660e-02  -2.0485319e-01  -1.7821969e+00   3.3441409e-01  -1.0507636e+00
   2.0000000e+00  -3.2222559e-01   1.1094134e+00  -9.7265562e-01   1.9453586e+00  -4.6735954e-02  -8.3821814e-01
   2.0000000e+00  -5.5045627e-01  -1.7871802e-01  -5.0111618e-01   4.6832880e-02  -4.7554428e-01   2.4752636e+00
   2.0000000e+00   4.4766731e-02  -8.7888551e-01  -1.8039631e+00  -2.2642875e+00  -7.6678523e-01  -5.8967318e-01
   2.0000000e+00  -1.8403704e-01   8.8203754e-01  -9.9564705e-01   3.6043976e-01  -8.2718065e-01   1.8163395e+00
   1.0000000e+00  -1.7976447e+00   8.4749009e-01  -5.7611106e-01   6.1450864e-01   3.3718927e-01  -2.9987412e-01
   2.0000000e+00   6.0800710e-01   1.4259028e+00   6.9608294e-01   7.4506383e-01  -1.6402435e+00  -4.6121342e-01
   2.0000000e+00  -1.2080269e+00  -1.1236425e-01   1.5562798e+00  -2.4602993e-01   1.7270213e-01   2.8212853e-02
   2.0000000e+00  -1.2010223e+00  -6.8955441e-01   6.2971519e-01   2.1524937e-01  -1.3020433e+00   1.2717932e+00
   2.0000000e+00   1.9314623e+00   1.4327497e+00   9.1294134e-01   1.0939592e+00   5.8444332e-01   4.3350542e-01
   1.0000000e+00  -8.6934339e-01  -1.0657356e+00  -7.4285743e-01   1.3755655e+00   6.0423764e-02   3.7060224e-01
   2.0000000e+00  -2.0810223e+00  -5.3141734e-01  -1.6354111e+00  -7.7298536e-01  -2.2726297e-01   1.4080122e+00
   2.0000000e+00  -9.2194789e-01  -1.1277640e+00  -1.5303843e+00  -1.1987398e-01   1.6168687e+00  -4.2859231e-01
   2.0000000e+00  -1.0262520e-01   1.8842777e-01  -1.3255677e+00  -7.5003050e-01   1.2108783e+00  -1.3250377e+00
   2.0000000e+00  -8.1315540e-01  -9.0289849e-01  -6.5242586e-01   2.1558948e-01   1.0569458e+00  -1.8175052e-01
   2.0000000e+00  -3.6895567e-01  -1.2997481e+00   2.7439357e-01  -5.6766236e-01  -1.1938783e+00  -1.7610978e-01
   1.0000000e+00  -3.9001194e-01   5.4998606e-01  -4.1668963e-01  -4.2554705e-01   5.2755422e-01   1.7156429e-01
   2.0000000e+00   1.3008784e-01   6.8230448e-01   1.0392864e+00   7.8041166e-01  -4.2285805e-01   1.3712693e-01
   2.0000000e+00  -1.8304531e+00   1.3368478e+00   1.2867502e+00   1.0252880e+00   4.4025094e-01   3.9366673e-01
   2.0000000e+00  -1.1181854e+00   1.5191898e+00  -9.0829956e-01   2.8146292e-01  -4.4722969e-01   3.3809242e-01
   2.0000000e+00  -7.7762539e-01   1.2762710e+00  -1.2712049e+00  -9.4719074e-01   2.4372915e+00  -5.9037558e-01
   2.0000000e+00  -1.0219504e+00   8.0008114e-01  -9.0199355e-01  -5.7291229e-01  -3.3476921e-01   5.1312498e-01
   2.0000000e+00   1.1885137e-01  -8.6159061e-02   8.6714324e-01   1.2792917e+00   1.0087437e+00  -8.8073670e-01
   2.0000000e+00   3.2606317e-01   1.3314370e+00   1.9582616e+00  -1.3434292e+00   1.8144561e+00  -1.0143233e-01
   2.0000000e+00  -1.0683245e+00  -8.7534083e-02  -6.9113326e-01  -8.4658216e-01  -1.1634905e+00  -9.0794912e-01
   2.0000000e+00  -1.4158852e+00   7.3354092e-01   8.2008317e-01   7.6341284e-01  -1.9044074e+00  -2.9263552e-01
   2.0000000e+00  -2.1865592e+00   3.1754744e-01   1.5677188e-01   5.7721289e-01  -1.2028384e+00  -7.6168511e-01
   1.0000000e+00   3.8569565e-01   7.0991878e-01  -8.7162457e-02   5.3531056e-01   8.9362953e-01  -1.8192758e+00
   2.0000000e+00  -1.2728084e+00  -3.6955215e-01  -4.7486513e-01   7.2896265e-01   9.2162520e-01  -7.8582569e-01
   2.0000000e+00   5.1048779e-01   5.5755807e-01   5.8594681e-01   1.0801504e-01   9.3210826e-01   2.6808812e+00
   2.0000000e+00   4.3818640e-01  -1.3939610e+00  -1.9449728e+00   7.5402523e-01   7.7935293e-01  -1.1461889e+00
   2.0000000e+00   4.2545538e-01   1.5145229e+00   1.5355790e+00   1.3687724e+00   9.7833205e-01   1.6412131e+00
   2.0000000e+00  -7.5821967e-01   1.1233613e+00  -1.3419728e+00  -8.5596725e-01  -2.2800600e+00  -1.6781566e+00
   2.0000000e+00   7.8122620e-01  -9.8178338e-01   9.1776044e-01   4.1408312e-01   7.3289936e-01  -1.5194658e-01
   2.0000000e+00  -3.9332305e-01  -1.0123604e+00   6.0461122e-01  -1.3363084e+00   1.1004660e+00   1.3865357e+00
   1.0000000e+00  -3.2781760e-01   1.0085416e+00  -6.9332779e-01   7.8714387e-01   5.6843859e-01   1.0928621e-01
   2.0000000e+00  -6.6981073e-01   1.0108094e+00   2.6544321e-01  -1.1492952e+00  -8.9309371e-01  -1.0952497e+00
   2.0000000e+00  -1.7701647e-01   1.1459838e+00  -2.3108028e+00   1.1721574e+00   1.6966550e+00  -1.0498956e-01
   2.0000000e+00  -8.8250003e-01  -1.2022621e+00  -6.8916579e-01   1.6709773e+00   1.4627726e+00   3.3853274e-02
   1.0000000e+00   3.4334893e-01   7.5002371e-01   3.4557534e-01  -7.4711761e-01   3.5489238e-01   5.9118623e-01
   2.0000000e+00   2.3900268e-01  -7.0550719e-01  -2.2510057e+00   2.7757957e-01   8.7518086e-02   1.1278493e+00
   2.0000000e+00   1.1320460e-01  -1.1946896e+00  -1.2235133e+00  -9.7291127e-01   1.2996419e+00   1.1224844e+00
   2.0000000e+00   3.6951033e-01  -8.9650044e-02   1.4080364e+00  -2.0822598e+00  -4.2316095e-01   2.2797619e-01
   2.0000000e+00  -1.2564660e+00  -1.9610649e-01   1.3975355e+00  -9.7917669e-01  -4.7090750e-01   1.1030956e+00
   2.0000000e+00  -1.0039342e+00  -1.7300319e+00  -6.4674024e-02   2.7307929e-01  -4.1606307e-01   1.4637733e+00
   1.0000000e+00   1.4418119e+00   5.7252172e-01  -5.6293365e-01  -7.7658716e-01   7.8835358e-01  -6.3249354e-01
   2.0000000e+00   6.1883602e-01   6.8885586e-01   2.4383453e-01   1.5404305e-01  -1.0334775e+00   7.4596869e-01
   2.0000000e+00   2.1632407e-01  -5.2282865e-01   2.6636598e-01  -1.4256540e+00  -1.2284315e-01   4.2542198e-01
   1.0000000e+00  -1.6778539e-01   1.8624297e+00   2.6605926e-01  -2.8310293e-01   1.0608576e-01  -8.0192726e-01
   2.0000000e+00  -5.9753522e-01   1.5466510e-01   8.5234943e-01   1.7779206e-01   5.4283841e-01   8.4319590e-01
   2.0000000e+00  -6.3720810e-01  -3.9630199e-01   1.0092641e+00  -3.4885512e-01  -7.6954856e-01   9.0193888e-01
   2.0000000e+00  -2.8764215e-01  -6.3642167e-01   3.8056788e-01   3.4309550e-01  -1.9028403e+00   1.6768526e+00
   2.0000000e+00  -1.4660361e+00  -1.1053863e-01  -5.2648596e-01  -8.7903129e-01  -1.4436492e+00  -2.2582330e+00
   2.0000000e+00  -3.3075527e-01  -5.1012180e-01   7.1481190e-01   1.2875400e-01   9.5639784e-01  -4.3314195e-01
   1.0000000e+00   4.2622860e-01   8.6626833e-01  -1.8710107e-01   1.0871024e+00   9.1934038e-01  -4.0609560e-01
   2.0000000e+00   3.9243272e-01  -1.2705053e+00  -2.5251283e-01   8.1707232e-02  -3.6225326e-01  -4.9127662e-01
   1.0000000e+00  -5.3583632e-01   9.3797456e-01  -5.5382745e-01   3.1572348e-01   3.4599301e-01  -1.3723269e-01
   2.0000000e+00   1.2240574e+00  -8.7722069e-01   8.6107286e-01  -1.5497379e+00  -7.7844595e-01  -9.3387113e-03
   2.0000000e+00  -8.9951082e-01   7.1033217e-03   5.5206465e-01   2.2817122e-01  -1.4953731e+00   1.6563839e-01
   2.0000000e+00  -2.2214263e-01   7.2070280e-01   1.0204293e+00  -1.3757174e+00   5.3250498e-01  -1.1333491e+00
   2.0000000e+00  -1.9151278e-01  -1.0851634e+00   3.5762803e-01  -1.7937522e+00   1.1529575e+00   2.9938351e-02
   2.0000000e+00  -3.2460499e-01  -3.2459788e-01   9.1382193e-02  -5.1550919e-01  -1.0752406e+00  -3.6760528e-01
   2.0000000e+00  -1.0054452e+00   3.0694476e-01   1.7648078e+00  -7.5689117e-01  -2.1417210e+00   1.3118530e+00
   2.0000000e+00  -2.1174936e+00   1.6244784e-01  -2.7813566e-01  -7.8461280e-01  -1.2709327e+00  -1.0530716e-01
   2.0000000e+00   1.9898721e+00   4.9070981e-01  -1.5046061e-02  -2.1362613e+00   1.5823877e-01  -8.0094308e-02
   2.0000000e+00  -5.5712325e-01   5.4287583e-01   1.2136594e+00  -9.2164670e-01   2.3571971e-01  -1.3886560e+00
   2.0000000e+00   1.1434662e+00   1.0032778e+00   1.9634849e-02  -1.2093161e+00  -2.0009371e+00   1.1534159e+00
   1.0000000e+00  -7.2475497e-01  -8.7999454e-01  -3.7995780e-01   9.9384017e-01   2.3622585e-01   8.0097430e-01
   2.0000000e+00  -2.2936467e-01  -1.1118756e+00  -1.2156773e+00   9.8683545e-01   6.0041821e-01  -4.3137510e-01
   2.0000000e+00   1.1462490e-01  -4.9568639e-01  -8.9888542e-01   8.5124733e-01   1.8255211e+00   2.0101565e-01
   1.0000000e+00  -5.1791062e-01  -3.4568773e-01   5.0020076e-01  -5.0945115e-01   4.8839372e-01  -1.1500836e+00
   2.0000000e+00   3.8729934e-01  -9.8007589e-01  -8.3730204e-01  -4.2462024e-03   1.5192644e+00  -7.3400055e-01
   2.0000000e+00  -1.1770365e-01   1.0797423e+00   1.5173848e+00  -3.2148847e-01  -1.9394551e+00   1.8144683e+00
   2.0000000e+00  -6.4649371e-01  -1.3359484e+00  -4.6078491e-01   6.5235954e-01  -8.4173386e-01  -5.8294127e-01
   2.0000000e+00  -6.8512517e-01  -7.0158129e-01   3.8641846e-01  -4.0294099e-01  -1.0135076e-01   9.7126213e-01
   2.0000000e+00   1.9115268e-01   1.1643908e+00   7.5683974e-01  -3.6851391e-01  -3.5459175e-02  -2.6724155e-01
   2.0000000e+00  -1.4466800e+00   6.2232708e-01  -9.6013094e-01   2.4997245e-01  -1.3546383e+00  -1.5561259e-01
   1.0000000e+00  -1.1402087e+00   6.8812360e-01  -3.9125456e-01  -1.7892635e+00   2.0674669e-01   1.9443359e+00
   2.0000000e+00   7.9880720e-02   2.7826497e+00   1.8370280e+00   8.5337282e-02   3.4829066e-01   3.0872421e-01
   2.0000000e+00   2.5468633e-01  -1.7095147e-01  -1.3413265e+00  -1.5607739e-01  -2.3902602e+00   4.1673662e-01
   2.0000000e+00  -3.9385476e-01   1.5200766e+00   6.8551467e-01  -2.9156605e-01  -8.5432680e-01   1.5348331e+00
   2.0000000e+00   1.1935030e+00  -1.3755401e-01  -2.1378095e+00  -2.5272298e-02  -6.4609151e-01  -7.8348455e-01
   1.0000000e+00   2.8097897e-01  -7.0371237e-01   5.3795357e-02   1.9303421e-01   9.8420711e-01   1.2979710e+00
   2.0000000e+00   2.2898522e-01  -6.5370646e-01  -2.8260835e-01  -4.6490039e-01  -4.8880557e-01  -8.6654202e-01
   2.0000000e+00  -6.2737614e-01  -6.9318378e-01  -2.5432640e+00  -4.0315827e-01  -1.2496069e+00   7.5872526e-01
   2.0000000e+00  -6.0378918e-01   3.3812593e-01   5.0556765e-01  -2.8758745e-01  -3.9092966e-02   2.6314997e-01
   1.0000000e+00   1.3703129e+00   9.3909628e-01   6.3053300e-01   1.5935945e+00   5.2512913e-01   1.6698118e+00
   2.0000000e+00   4.2325145e-01   1.2539939e+00   1.5295478e+00  -4.9840530e-01  -2.1607885e+00   2.2179934e+00
   2.0000000e+00  -9.4436106e-02   9.4279714e-01  -3.9117842e-01  -9.6294406e-01  -1.3006063e+00  -2.8006409e-01
   2.0000000e+00  -1.5778853e+00  -1.2416819e+00   2.7991924e-01   3.2964853e-01  -6.8295784e-01  -7.7800259e-02
   1.0000000e+00  -8.9464154e-01  -4.7902468e-01  -1.2852258e-01  -5.7632180e-01   6.7631278e-01   6.9819855e-01
   2.0000000e+00   2.2630343e-01   1.1121899e+00   1.3128528e+00  -6.4405787e-02  -1.5149082e+00   3.5588575e-01
   2.0000000e+00  -1.7501867e+00  -4.4283417e-02  -8.5304076e-01  -3.8325862e-01  -1.7300173e-02   3.8521165e-01
   2.0000000e+00   7.8340676e-01   1.0127887e+00   2.6367117e-01   6.4796316e-01  -9.7350856e-01   4.4583037e-01
   1.0000000e+00  -7.3553998e-01  -7.6317149e-01  -6.6735416e-01  -2.7923298e-01   1.8428048e-01   1.5126813e-02
   2.0000000e+00   2.7898113e-01  -2.1297513e+00  -1.8562490e-01   4.2806202e-01  -1.7553140e-01  -3.8349906e-01
   2.0000000e+00  -5.1113358e-01   9.1670124e-03   7.3267291e-01  -8.9326871e-01  -1.0629316e+00  -9.0946634e-02
   2.0000000e+00   4.0529230e-01  -3.6795593e-01  -5.4391962e-02   1.8434348e+00  -4.6839786e-01   1.1566651e+00
   2.0000000e+00   3.8588334e-03  -1.4273157e+00  -7.6374731e-02  -6.0856003e-01   1.9148963e+00   1.1043697e+00
   1.0000000e+00  -8.1511677e-01  -8.8102281e-02   5.6441089e-01   1.2952454e+00   3.7359386e-01   9.2059231e-01
   2.0000000e+00  -8.3462059e-01  -1.0378614e+00  -4.5536049e-01   4.7648245e-02   1.2208921e+00  -5.0503952e-01
   2.0000000e+00   3.3729128e-02  -9.5942547e-01  -9.8642326e-01  -8.3216650e-01  -1.7345362e-02   3.6011574e-01
   2.0000000e+00  -1.3152542e+00   2.8404087e-03  -1.0605433e-01  -1.0956946e-01  -6.6250765e-01  -1.4273118e+00
   2.0000000e+00  -2.8711216e-01  -1.5706971e-01   1.8514457e+00   1.4872967e+00   1.2826089e+00   1.2033767e-01
   2.0000000e+00   8.1771889e-01   7.3867649e-01   1.7715171e+00  -1.3432116e+00   1.6574425e+00  -3.2960309e-01
   2.0000000e+00  -1.0641760e+00   9.0552711e-01   1.0409853e+00   6.1144554e-01   1.2406263e+00   7.4520744e-01
   1.0000000e+00   2.3225231e+00   6.5478218e-01  -6.7142022e-02   3.3097791e-01   7.2512632e-02   3.1818719e-01
   1.0000000e+00  -4.9035052e-01  -1.6421446e+00  -3.0502044e-01   4.3462420e-01   1.1057302e-02   2.4981401e-01
   1.0000000e+00  -2.5155494e+00   8.8428021e-01   9.0866928e-01   8.2861403e-01   3.0008280e-01   1.6122245e+00
   2.0000000e+00  -7.0521768e-01  -5.3290537e-02  -4.0980409e-01   2.1040215e+00  -1.0532203e+00   8.4786298e-01
   2.0000000e+00   6.7006261e-01   2.0186284e-01   1.2361393e+00   1.3568809e+00  -1.1191898e+00   1.0838808e-01
   2.0000000e+00  -1.1294395e+00   1.0102213e+00   1.1476085e+00  -1.1859290e+00   2.2153217e-02   5.1969942e-01
   2.0000000e+00   3.3775780e-01   9.3352496e-01   1.0160816e+00   1.2480467e-02   6.1761885e-01  -7.3179050e-01
   2.0000000e+00   5.1441124e-01   9.3283882e-01   1.1698166e+00  -6.6342022e-01   3.5909045e-01  -5.2396733e-01
   2.0000000e+00  -4.7772052e-02  -6.7837951e-02   1.6860839e-01   2.5719356e+00   3.5479892e-01  -2.6092430e+00
   1.0000000e+00  -6.3753577e-01  -1.4710532e+00  -1.5053217e-01  -1.8150959e-01   4.2445701e-01  -1.5062624e+00
   2.0000000e+00   7.7647467e-01   1.4234451e+00  -8.6629830e-01  -2.8187808e-01  -1.9247477e-01   1.2212211e+00
   2.0000000e+00   2.7551529e-01   1.3602422e-01  -8.2008073e-02   2.0214935e-01  -2.1595992e-01  -4.0866428e-01
   2.0000000e+00   1.5601300e-01  -1.6794748e-01   1.4500526e+00   1.7472768e+00   8.0664633e-02   1.7994110e-01
   2.0000000e+00  -1.0187830e+00  -1.1666932e+00  -1.1092865e+00  -8.4238196e-01  -3.9713761e-01  -1.0725500e+00
   2.0000000e+00   1.8687821e+00   2.0794992e-01   3.3994029e-01  -7.2725524e-02  -1.0250192e+00  -6.9420311e-01
   2.0000000e+00   5.7527305e-01   1.5745457e-01   3.3176631e-01  -2.4648584e-01  -7.8260358e-03  -1.1030957e+00
   2.0000000e+00  -1.0599633e+00  -1.8589660e-01   3.0133152e+00   6.0113943e-01   1.0895788e+00  -1.7179738e+00
   2.0000000e+00   1.5688177e-01   1.0377273e+00  -3.7742681e-01   3.0441191e-01  -8.2124667e-01  -4.3252604e-01
   2.0000000e+00   2.1034901e-01  -1.5073763e+00   2.1495475e+00   9.9413220e-01  -1.2880473e-01  -8.3559243e-01
   1.0000000e+00   7.3040651e-01  -7.0609080e-01  -9.0312822e-01  -8.4112921e-01   2.7336517e-01  -8.1061299e-01
   2.0000000e+00  -3.2096793e-01  -2.0995523e+00  -1.7872071e+00  -1.4062982e-01   1.2099616e+00  -1.9918346e+00
   2.0000000e+00  -2.2172768e+00   8.5936115e-01  -5.2548211e-01   8.6206380e-01   1.0285095e+00   2.8008247e-02
   2.0000000e+00  -1.2868498e-01   1.3146013e+00  -3.7821903e-01  -1.6485925e+00  -1.8297549e+00   4.9750668e-01
   2.0000000e+00   1.0440675e+00  -5.4765845e-01  -1.0953854e+00  -1.0651527e+00   1.5345401e+00   1.4046636e+00
   2.0000000e+00   2.3830240e+00  -1.9762399e+00  -8.1080477e-01   1.2548786e+00  -5.3324400e-01  -5.1210096e-01
   2.0000000e+00  -8.5449800e-01   1.4634312e+00  -2.9938145e-01   2.0080590e+00   5.0905474e-01  -8.4030570e-01
   2.0000000e+00   5.7348388e-01  -9.2493328e-01   4.2000235e-01   7.2689210e-01  -6.5884484e-01  -8.8153982e-01
   2.0000000e+00  -1.9694431e+00   6.0650125e-01  -1.4005871e+00   1.9112668e+00  -3.1183253e-01   7.8004765e-02
   2.0000000e+00   2.4388069e+00  -1.0545634e+00   6.0078999e-01   8.8593460e-01   1.0041774e+00   5.5479682e-01
   2.0000000e+00  -3.7185780e-01  -6.4974794e-01   2.2903575e+00  -1.2351235e+00  -1.2137694e+00  -6.1223167e-01
   1.0000000e+00   7.5754353e-01   1.5449608e-01  -8.3738925e-01   1.0915280e+00   1.8055702e-01  -9.7313269e-01
   2.0000000e+00   9.6905445e-01   3.4829035e-01   1.9590754e+00  -4.1077050e-01  -5.8293254e-01   1.7124172e-01
   2.0000000e+00   3.2224712e-01   2.7407295e-02   1.8479388e-01   2.2891884e-02   2.1508957e+00  -1.5155184e+00
   2.0000000e+00  -1.3571448e+00   4.8368251e-01  -1.7647146e+00   9.0880795e-01   4.5567609e-01  -2.3612891e-01
   1.0000000e+00  -3.1210690e-01   1.9649267e+00  -4.9326945e-01  -7.4674050e-01   9.6638472e-02   1.7953962e+00
   2.0000000e+00   5.5596408e-01  -1.1903790e+00   1.2103470e+00  -1.3668981e-01   9.3387270e-01   6.5282063e-01
   2.0000000e+00   6.4894454e-01  -1.0303795e+00  -6.6785146e-01  -1.0639379e-01   8.8535542e-01   6.3753429e-01
   2.0000000e+00  -7.3083755e-01   6.1951202e-01  -4.5970662e-01   1.9888833e+00   5.5855440e-01  -2.4363602e+00
   2.0000000e+00   9.2388603e-01   2.3945396e+00   5.0255607e-03   1.6021462e+00  -6.1690618e-01  -3.2315836e-01
   2.0000000e+00   4.7364279e-01  -6.0700435e-01  -1.6311851e+00  -1.6590732e+00   7.6268024e-02  -4.1148993e-01
   2.0000000e+00  -5.3422179e-01   8.8884684e-02   4.5589458e-01   1.3704652e+00  -2.7155416e-01  -2.9372911e-01
   2.0000000e+00  -6.3307569e-01  -5.6318020e-02   1.2202072e+00  -1.3674064e-01  -2.2399648e+00  -1.7830392e+00
   2.0000000e+00   1.4783763e+00   1.2659007e+00   5.0998797e-01  -1.3309165e-01  -3.4891834e-01  -1.2477792e+00
   2.0000000e+00  -9.0151018e-02   6.8375891e-01   7.8705168e-01   2.9783773e-01   2.2563690e+00   6.7585444e-01
   1.0000000e+00   1.2651679e+00   1.0197893e+00   5.1516235e-01   1.5575292e-02   2.1082950e-01   9.7885579e-01
   2.0000000e+00   3.4152720e-01   2.1687550e+00  -8.0046009e-01  -4.5822121e-01   7.8291385e-01  -1.3332245e+00
   2.0000000e+00  -3.6547554e-01   1.8345297e-01   1.7847577e-03   7.3917163e-01   1.0118689e+00   9.0062513e-01
   2.0000000e+00  -1.7176207e+00   1.1855993e+00   1.2248216e-01  -1.2343506e+00  -1.4142639e-01   2.5073065e+00
   2.0000000e+00   1.7881040e-01   2.1446864e+00  -9.8762461e-01   1.1817500e+00   3.0402220e-01  -7.1703912e-01
   2.0000000e+00   8.7874992e-01  -3.3434387e-01  -1.7504865e+00   1.2679507e+00   1.6294070e+00  -1.6985108e-01
   2.0000000e+00   1.0734374e+00   1.4013212e-02  -2.1968838e+00   1.3119206e-01  -3.5325003e-01  -2.6304954e-01
   2.0000000e+00   1.4005014e-01   6.4406236e-01  -8.1787508e-01  -1.0130807e-01  -1.3754933e+00  -2.6868485e-01
   2.0000000e+00   8.8484188e-02  -8.7714002e-01   5.6571457e-01  -1.4027074e-01  -1.6218283e+00   4.1136340e-01
   2.0000000e+00  -3.1521656e-01  -3.6970222e-01   1.9031612e+00  -5.4873142e-01  -1.2750808e-01   2.8568401e-02
   2.0000000e+00   6.0948154e-01  -8.1339629e-01   5.0361806e-01   9.3864845e-01  -1.7782204e-01  -4.3463772e-01
   2.0000000e+00  -5.1242101e-01  -3.9772096e-02  -3.3645314e-02  -1.8219033e-02   1.0721996e+00   1.0647342e+00
   2.0000000e+00   8.2322016e-01   8.1369539e-01  -2.3965791e-01  -3.9929964e-01  -6.3505668e-01  -2.1104412e+00
   2.0000000e+00   9.7160299e-01  -2.2225592e+00   1.4606787e+00   4.9409144e-01  -2.5901343e-01  -1.1006844e-01
   2.0000000e+00   1.2085421e+00   6.3838051e-01  -1.2558528e+00   4.6745186e-01  -3.4953463e-01  -1.3389599e+00
   2.0000000e+00  -6.4376437e-01  -4.1758274e-01   1.1112216e+00   8.4557489e-01  -6.2418786e-04  -2.8276232e+00
   2.0000000e+00   5.4668806e-01   1.1612220e+00   5.5487219e-01   1.6114323e+00  -6.8780184e-01   1.1266591e-01
   2.0000000e+00   9.4911884e-01  -1.7652422e-01   1.5713260e-01   7.1824222e-01  -1.5980110e+00   1.0585544e+00
   2.0000000e+00   1.0764063e-01  -7.1550444e-01  -9.3131489e-02   4.7768040e-01  -5.4456410e-01  -3.9889647e-01
   2.0000000e+00   7.2344646e-01   1.6491383e-01   8.6620721e-01   4.1092084e-01  -2.1456313e-01  -1.0696927e+00
   2.0000000e+00  -9.7854777e-01  -9.8855783e-02  -1.5155539e-01   6.0174481e-01  -3.2747068e-01   1.3037793e+00
   2.0000000e+00   2.1064810e+00   1.9435723e+00   4.3557335e-01   5.5873939e-01  -6.3707967e-02   2.9499061e-02
   2.0000000e+00  -1.3434250e-03   1.5661579e+00  -1.1361239e+00   7.2252396e-01  -1.2331184e+00   1.0587697e+00
   2.0000000e+00  -7.3424698e-01   2.0866259e-01   9.4678327e-01   1.1571601e+00  -2.2630850e-01   1.5368787e-01
   2.0000000e+00  -3.2603344e-01  -3.9545011e-01  -5.0969845e-01   3.2577783e-01  -1.0495753e+00  -5.6214442e-02
   2.0000000e+00   1.8866236e-01  -5.1121220e-01   2.4720151e+00  -3.7342836e-01   3.6908924e-01  -7.9407590e-01
   2.0000000e+00  -1.5059159e+00  -5.7930235e-01  -1.4330164e-01  -3.5395214e-01  -8.7134479e-01   1.8112930e+00
   2.0000000e+00   1.0279069e+00   9.0982965e-01  -2.7258702e-01  -1.0060464e+00  -1.3966367e+00   3.2826733e-02
   1.0000000e+00   7.9535872e-01   1.0314501e+00   4.9863361e-01  -8.8078714e-01   6.2004773e-01  -7.6130908e-01
   1.0000000e+00   3.2288901e-01  -6.2703329e-01  -6.1253599e-02   1.4328540e+00   4.6513766e-01  -8.9460656e-02
   2.0000000e+00  -6.3324799e-01   1.0212083e+00   6.2428001e-01  -5.1574160e-01  -2.3467460e-01   1.1486598e+00
   2.0000000e+00  -2.9492217e-01  -7.7022464e-01   9.1623418e-02   2.1136401e+00   1.1047043e+00  -2.7622614e-01
   2.0000000e+00   7.6020911e-01  -1.3337651e+00  -9.6059433e-01  -5.1645750e-01  -7.0829374e-01  -2.8681204e+00
   2.0000000e+00  -2.2725030e-01   1.6077407e+00  -5.7481187e-01  -1.5104951e+00  -2.6686048e-01  -9.2216049e-03
   2.0000000e+00  -3.6779901e-01   3.4526621e-01  -2.0703061e-01   1.9559247e+00  -1.1173620e+00  -1.1475312e+00
   2.0000000e+00   1.4248535e+00  -2.4325631e-01  -7.8492030e-01   1.1529771e+00  -1.1441583e+00  -2.0346285e+00
   2.0000000e+00   1.9312716e-01   1.2365012e+00  -9.9369930e-01   2.2636055e+00  -8.4384838e-01   4.7447251e-02
   2.0000000e+00  -6.8039339e-01  -7.1474470e-01   1.2900637e-01  -2.3489114e-01  -1.7344065e+00  -5.0055910e-01
   2.0000000e+00   4.9975166e-01  -7.2170371e-01  -3.0937747e-01  -7.3884424e-01  -1.1443153e+00  -3.6424315e-01
   2.0000000e+00   4.3107791e-01  -4.4532387e-02  -1.1895898e-01  -1.0315808e+00  -7.1068720e-01  -1.3814808e-01
   2.0000000e+00   3.5320517e-01   1.5603288e+00   7.0047938e-01   3.2345990e-01  -5.9866629e-01   4.8032877e-01
   2.0000000e+00   3.6575515e-01  -7.2470658e-01   1.2632182e+00  -5.7489702e-02   6.1480340e-01   9.8856603e-02
   2.0000000e+00   2.7233072e-01   7.8745425e-01  -7.7740091e-01  -3.9454999e-01   6.9076959e-01  -8.8815711e-01
   2.0000000e+00  -9.3728609e-01   4.1655148e-01  -9.0549561e-01   1.6850875e+00  -1.1622171e-01  -1.1102744e+00
   1.0000000e+00  -1.0989230e+00  -4.6050282e-01  -8.1883736e-01  -8.2710686e-02   1.7940145e-01   1.0046570e+00
   1.0000000e+00  -2.1868167e-01   1.0619268e+00  -9.4029582e-02  -1.2775762e+00   2.4889334e-01   3.7191847e-01
   2.0000000e+00  -2.9632289e-02  -1.7008938e-01   1.9409322e-01  -6.5134048e-01  -5.9787811e-01  -4.2978276e-01
   2.0000000e+00   1.8629311e-02  -5.7565292e-01  -6.3394211e-01  -7.8734857e-01  -4.1769578e-01   9.7664863e-01
   1.0000000e+00  -3.8414154e-01  -3.0101887e-01   3.1739205e-01   1.4599000e+00   6.3852175e-01  -1.5317720e-01
   1.0000000e+00  -7.5798627e-01   1.2618268e+00   2.3829866e-01   2.1232125e-01   2.4955788e-01  -1.1546469e-01
   2.0000000e+00   1.1709330e-01  -9.6634943e-01   9.2512074e-01  -1.1864076e+00   8.6750155e-01   2.4494059e-01
   2.0000000e+00  -1.8731818e-01   8.4010587e-01   9.0132584e-02   3.9326915e-01  -3.7517787e-01  -5.5732125e-01
   2.0000000e+00   6.7584401e-01   2.0532259e-01   1.5555621e+00  -8.7286272e-01   1.0195397e+00  -6.6687653e-01
   2.0000000e+00   2.5351441e+00  -2.3103139e-01  -2.0529070e+00  -1.3553974e-01  -1.0199257e+00  -1.1230539e+00
   2.0000000e+00   1.3861186e+00   8.9703658e-01  -7.3736607e-02   6.4582084e-01  -1.1293106e+00  -1.2874592e+00
   2.0000000e+00  -5.8394716e-01  -5.9749507e-01  -2.1607566e-01  -2.9498610e-01  -1.8514599e+00  -1.0163683e+00
   2.0000000e+00  -1.9895938e+00   4.7854470e-02  -2.1089623e+00  -2.4629036e+00  -1.6802048e+00   1.6191410e-01
   2.0000000e+00   9.2353012e-01  -8.6895740e-01  -5.4574394e-01   5.5852866e-01  -1.3556093e-01  -1.1795261e+00
   1.0000000e+00  -9.8843201e-01  -1.0162684e+00   3.7271114e-02   1.4075822e-01   7.6003408e-01  -1.0345019e+00
   2.0000000e+00  -1.0678799e+00   7.4645155e-01  -5.8315939e-01  -4.8411364e-03   1.5043350e+00  -1.3907354e+00
   2.0000000e+00  -8.1776248e-01   4.1326881e-02  -8.5012521e-02  -1.4825970e+00  -5.7550903e-01  -6.8405308e-01
   2.0000000e+00   8.3968700e-02   6.4360414e-01   9.4442972e-01   7.5126610e-01  -8.9303458e-01   2.0954398e-01
   2.0000000e+00  -1.7562763e+00  -1.0968016e+00   1.5480424e+00  -1.2445113e-01   1.1291481e+00   1.9601894e+00
   2.0000000e+00  -1.7185850e+00  -2.1193583e-01   4.9399234e-01  -1.9738897e-01   9.7177998e-01  -3.9618872e-02
   2.0000000e+00   9.9490732e-01   1.2271363e+00   2.7999311e+00  -1.8971916e+00   2.2362654e-01   1.1610818e+00
   2.0000000e+00  -4.7085330e-01   6.5757925e-01  -3.8099622e-01   1.2659581e+00  -1.2435764e+00  -8.3093248e-01
   2.0000000e+00  -9.5944998e-01  -1.3391776e+00   9.1984558e-01  -1.3495732e+00   6.4972736e-01   1.8520106e-01
   1.0000000e+00  -1.0568340e+00   8.4538921e-01  -3.3679573e-01  -8.5132017e-01   2.4350955e-01  -1.5274241e+00
   2.0000000e+00  -2.2380549e+00   8.8022081e-01  -7.4646755e-01  -1.6459328e+00  -4.4863936e-01   6.5821049e-01
   2.0000000e+00  -1.4537601e-01  -2.4161563e+00   1.3420385e+00   7.0656380e-01   3.2420243e-01   4.3648729e-01
   2.0000000e+00   1.2103085e+00  -9.8263320e-01  -2.1513031e-01  -1.6512398e-01  -3.1229478e-01  -2.0080096e+00
   1.0000000e+00   1.0967042e+00   8.9329099e-01   6.2850444e-01   1.5334322e+00   4.1771412e-02  -1.5340100e+00
   2.0000000e+00  -2.2159818e+00   1.1144089e+00  -2.2484737e+00   2.4857311e-01   1.3870378e-01   1.0237679e+00
   2.0000000e+00   3.3956247e-01   7.5921950e-01   1.0357128e+00   1.8520687e-01   7.9150558e-01   1.4485214e+00
   2.0000000e+00   6.7044155e-02  -5.1303957e-01  -2.1831190e+00  -2.9625214e-01  -1.2591598e+00   7.1267776e-01
   2.0000000e+00   1.5484289e+00   7.8330971e-01   8.0045438e-01  -7.6029795e-02   1.0963193e+00  -3.4100942e-01
   2.0000000e+00   2.8331958e-01   2.1460433e-02  -2.2316990e-01  -5.7829767e-01  -2.2131176e+00   1.0642567e+00
   2.0000000e+00  -4.5957438e-01   1.0278909e+00  -1.2938635e+00  -3.6549912e-01   2.1315215e+00  -1.1793815e-01
   2.0000000e+00   1.9523126e+00  -2.3692234e-01   2.4394531e+00  -9.6692815e-01   3.7206505e-01   1.1999025e+00
   1.0000000e+00   2.1406956e+00  -1.9191593e-01   5.3714382e-01   1.3935472e+00   3.8059986e-01  -8.5854440e-02
   1.0000000e+00  -1.8375467e+00   9.8957709e-01  -7.9874391e-01   9.8227122e-01   1.6365145e-01  -1.4877480e+00
   2.0000000e+00  -2.8939979e-01  -1.3341739e+00   2.1696322e+00   1.4435580e+00  -6.5796353e-01  -3.7637791e-01
   1.0000000e+00  -1.4499543e+00  -1.0483518e+00   1.8477444e-01   2.0183544e-01   1.8290952e-01   7.9551028e-01
   2.0000000e+00   1.1709749e-01  -6.9865748e-01  -8.3316824e-01  -3.4825869e-01  -2.7000407e-01  -9.5077232e-02
   2.0000000e+00   4.6596707e-02   2.2774475e-01   1.5441879e+00   1.7368208e-01   4.5292211e-01  -9.3525095e-02
   2.0000000e+00  -4.6777868e-01   1.0045322e+00  -3.0574154e-01  -7.8205966e-01  -1.4540869e+00  -1.5810893e+00
   1.0000000e+00   1.0753676e+00   1.5033805e+00  -9.3466261e-02   8.3241481e-01   3.3104469e-01  -1.5107741e+00
   2.0000000e+00   1.1284906e+00  -2.1059623e+00  -1.4811901e-01   7.4737320e-01   1.2783147e+00  -2.6454597e-01
   2.0000000e+00   3.6581918e-01   1.1412916e+00  -1.4447335e+00  -1.0592945e+00  -8.5093701e-01  -1.4052395e+00
   2.0000000e+00  -5.4767614e-01   1.2298528e+00  -2.3751363e-02  -1.1826047e+00  -4.7168378e-01   3.5002076e-01
   2.0000000e+00   1.4919602e+00  -6.5853382e-02   2.4122304e-01   3.0735904e-01  -4.5715143e-01   5.6143904e-01
   2.0000000e+00   1.3263315e-01   2.8121296e-01  -1.8149213e-01   4.4270626e-01   2.1127927e+00   8.0019509e-01
   2.0000000e+00  -2.5274075e-01  -3.9774558e-01   1.1945900e+00   1.5488429e+00  -9.5966641e-03  -5.3082702e-01
   2.0000000e+00  -1.9932545e-01   7.0197931e-01   1.9926522e-01  -2.2874745e+00   4.0994221e-01   7.1378135e-01
   2.0000000e+00   2.9994009e-01   1.2240852e+00  -4.4395754e-01  -6.6934254e-01  -2.1960029e-01  -7.7980503e-01
   2.0000000e+00  -1.0982585e+00   3.3053050e-01   9.7070856e-02   1.1026320e+00  -1.4507741e-01   1.9514955e+00
   2.0000000e+00  -8.0499247e-01  -1.3120294e+00   6.7658532e-01   6.9205336e-01  -2.0514320e+00  -6.3711890e-02
   2.0000000e+00   5.7140477e-01  -7.3639900e-01   5.1818171e-01  -1.1802056e+00   1.8272303e+00  -6.9167349e-01
   2.0000000e+00  -1.8328459e+00  -9.1240816e-02  -1.2983323e+00  -3.1543346e-01  -2.1848354e-01   4.6454610e-01
   2.0000000e+00  -4.3077159e-02  -1.2750702e+00  -1.8119625e+00  -2.3517976e+00   7.1498094e-01   6.6331903e-01
   2.0000000e+00   6.3368679e-01   1.4930744e+00  -6.7437176e-01   2.3208640e+00   6.2696147e-01  -4.4588696e-01
   2.0000000e+00  -2.4475841e-01   9.0809452e-01  -4.3213951e-01   1.4687380e+00  -3.7461938e-02   7.0335061e-01
   2.0000000e+00  -8.4634526e-01  -5.7670935e-01  -3.6656556e-01   1.4190716e+00   1.2292062e+00  -4.0879198e-01
   2.0000000e+00   4.9940889e-01   1.7813426e+00   1.0335665e+00   6.5387198e-02   7.0745289e-01   9.6957381e-01
   2.0000000e+00   1.0017604e+00  -2.6415477e-01  -3.6457989e-01  -6.6579619e-01  -7.8375504e-01   4.1996823e-01
   2.0000000e+00  -8.9774933e-01  -3.2232688e-01  -1.0822491e+00  -1.0645408e+00  -2.7430142e-01  -3.4861803e-01
   2.0000000e+00   9.2888753e-01  -4.2725397e-01  -2.7628056e-01   1.2142351e+00  -2.2450541e+00  -7.2802683e-01
   2.0000000e+00  -4.1720766e-02   6.0126072e-01   5.8176105e-01   7.7946957e-01  -1.1326466e+00   3.8404115e-01
   2.0000000e+00   2.8015117e-01   1.4488495e+00  -1.7498775e-01  -2.0252033e+00   1.4232719e+00   2.4131184e+00
   2.0000000e+00  -3.3743233e-01   1.2427395e+00   2.2015839e-02  -8.1132804e-01   1.0305123e+00  -2.8109513e-01
   2.0000000e+00  -3.0981673e-01  -2.2574661e-01  -1.8888594e+00   6.8628070e-02  -1.0618477e+00  -2.1482472e+00
   2.0000000e+00   2.1686414e-01  -8.3932746e-01   6.7388628e-01   2.7242784e-01  -1.9858213e-01   2.3293190e+00
   1.0000000e+00   7.7852933e-01   7.4395519e-01   4.5051296e-01  -2.9620596e-01   6.8215800e-01  -5.0539606e-01
   2.0000000e+00   2.9270859e-01  -1.6668159e+00  -3.6861276e-01   7.3024438e-01   2.5180809e+00   2.7400434e-01
   1.0000000e+00  -3.2464454e-01   1.4760349e+00   3.7916792e-01  -9.2618730e-02   5.0173699e-01  -5.7649915e-01
   2.0000000e+00   4.8252042e-01  -4.4689409e-01   2.2770161e-01  -9.2542483e-01  -1.3104933e-01   8.2135969e-03
   2.0000000e+00  -2.5347418e+00   1.5857715e+00  -3.2671850e-01   1.5680083e-01  -9.4161540e-01   1.1829793e+00
   2.0000000e+00   3.7633869e-01   4.6067192e-01   5.5164056e-01   1.1700599e-01  -1.0033571e+00   1.2394443e+00
   2.0000000e+00   1.6026504e+00   7.5729143e-01  -4.1439742e-01  -4.1496283e-01   1.5735338e+00   6.4791041e-01
   2.0000000e+00  -1.0058890e+00   2.1387943e-02   1.4256760e+00  -7.1717438e-01  -6.5365451e-01   6.9925023e-01
   2.0000000e+00  -1.8967183e-01   5.1561340e-01   1.0536375e+00  -9.6816398e-01   1.6622364e-01  -1.0554663e+00
   2.0000000e+00  -4.2854262e-01   1.3798158e-02  -1.6227571e+00  -4.7222810e-01   2.1768333e+00   1.3204808e-01
   2.0000000e+00  -9.5942554e-01  -9.0982967e-02  -2.0276600e+00  -5.1025122e-01  -8.1799628e-01  -2.8521399e-01
   2.0000000e+00   1.2871817e+00   6.2348347e-01   4.6764341e-01   1.2453349e+00   9.1058706e-01   1.3375306e+00
   2.0000000e+00   9.3596338e-01  -3.0030224e-01   4.5637570e-01  -1.5632443e+00  -1.3179694e+00  -3.6120215e-01
   2.0000000e+00  -8.1767130e-01   1.1007683e+00   1.8021133e-01  -1.5046914e+00  -1.6705038e+00   1.3654376e+00
   2.0000000e+00   1.0827300e-01  -7.3975597e-01  -9.9867207e-01  -3.7434482e-01  -6.6426160e-02   8.1941683e-03
   2.0000000e+00  -1.6652722e+00  -1.3337574e+00   1.0893283e+00  -1.9851526e-01   1.7693817e+00   3.2798918e-01
   2.0000000e+00  -9.9253125e-01  -1.9314296e+00   9.1417584e-01  -1.0223121e+00  -4.6043909e-01  -4.5800360e-01
   2.0000000e+00  -1.8242424e-01   5.2930054e-01   2.2769116e+00  -2.3095031e+00   1.5686342e-01   1.0438522e+00
   2.0000000e+00   5.3476743e-01   1.8806141e+00   3.3561647e-01   2.5777852e-01  -1.3260490e+00   8.0251812e-01
   2.0000000e+00  -3.4007137e-01   8.0978790e-02  -1.4937147e+00   1.0619146e-01   1.4690142e+00  -2.8909811e-01
   1.0000000e+00   1.3211739e+00   5.3158150e-01  -1.2819254e-01   1.3385732e-01   1.5724941e-01  -1.3283743e+00
   2.0000000e+00  -1.7590967e-01   5.8319878e-01   7.3959752e-01  -8.0370957e-01   8.5676900e-01  -8.5453954e-01
   2.0000000e+00  -3.5449861e-01  -5.4596906e-01   1.3004708e+00   1.2707669e+00   1.6306587e+00  -1.3990938e+00
   2.0000000e+00  -2.3915656e+00   8.8445629e-01   3.4327269e-01   4.5919855e-01  -1.6460777e+00   7.4629885e-01
   1.0000000e+00  -1.0818772e-01  -6.1406197e-01   4.6636180e-01   4.5545954e-01   5.5535566e-01   1.0802535e+00
   2.0000000e+00  -7.9281811e-01   9.9708791e-01   8.5683573e-01   8.1830859e-02  -1.7696557e+00  -9.9136471e-01
   2.0000000e+00   7.8645085e-02   5.7333947e-01   6.3936771e-01   1.8685606e+00   9.3591805e-01   3.2047421e-01
   1.0000000e+00  -3.6282891e-01  -1.4519568e+00  -4.7897698e-01   1.9095087e+00   5.1196420e-01   1.1861309e+00
   1.0000000e+00   2.3093229e-01  -7.6891582e-01  -3.3108558e-01  -1.5521670e-01   8.7413379e-01  -1.0881218e+00
   1.0000000e+00  -7.0807896e-01  -2.5130441e-01   7.4711467e-01  -6.2057335e-01   5.2009622e-02   9.5763009e-02
   2.0000000e+00  -7.0400559e-01  -5.5581747e-01  -2.4578811e-02   6.5589648e-02  -1.1610242e+00   6.1320407e-01
   2.0000000e+00  -9.5347461e-01  -1.8866011e-01  -2.0274624e-01   3.4054934e-01  -1.2276889e+00   2.5210327e-01
   2.0000000e+00   5.2492494e-02   9.3713453e-01   1.1081298e+00  -6.6719860e-01  -9.0065920e-02   1.3347156e+00
   2.0000000e+00  -9.9009448e-01  -3.2290454e-01   1.2206175e+00   2.2392726e+00   7.5333857e-01   1.2923397e-01
   1.0000000e+00  -8.1348956e-01   4.8366816e-01  -3.5054072e-01  -1.0123678e-01   1.3183644e-01  -8.6993423e-01
   2.0000000e+00   5.1195438e-01   1.3562743e+00  -1.7683000e+00   7.7983241e-01  -4.2314294e-01  -8.8436963e-01
   2.0000000e+00   2.5430408e-01   2.4608270e-01  -1.7483764e+00  -6.0446320e-01   1.2317448e+00   1.4501842e-01
   2.0000000e+00   1.0000441e+00   1.0558836e+00  -9.8425933e-01   9.5340444e-01   4.4090549e-01   2.0628670e-01
   2.0000000e+00  -2.4625095e-01   5.5516038e-01  -8.0470747e-01  -2.1240754e-01   6.0459426e-01   1.4561977e-01
   1.0000000e+00  -4.5315660e-01  -4.3967976e-01   4.6821017e-01   2.8533340e-01   3.4273051e-01   5.7848709e-01
   2.0000000e+00  -1.0202943e+00  -1.9648248e+00   4.3435076e-01  -5.9685017e-01  -5.6019996e-01   1.1235343e+00
   1.0000000e+00  -1.0861984e+00   4.1612063e-01   9.5933484e-02   1.1779337e+00   4.8293117e-01   2.0396761e-01
   1.0000000e+00  -1.3859082e+00   6.5545867e-01  -5.5935701e-02   2.5353121e-01   3.6144226e-01   3.4445511e-01
   1.0000000e+00  -6.1183609e-01   4.0037174e-01   1.3479709e-01  -2.5935426e-01   9.3403143e-01  -1.3444410e-01
   2.0000000e+00  -2.1689192e-01  -1.0527865e+00  -2.8054742e-01  -2.1732570e+00  -9.0863243e-02  -7.8840690e-01
   2.0000000e+00   1.5004334e+00   7.9466131e-01  -7.5453682e-01   5.5182151e-01  -6.1208965e-03  -1.7569229e+00
   2.0000000e+00  -8.2630020e-01   9.1218154e-01   9.7147921e-01   4.0797464e-01  -9.8806179e-01   7.0297644e-01
   2.0000000e+00  -3.9925723e-01  -7.8658385e-01  -1.2190197e+00   1.5296634e+00   1.6247613e-01  -5.6243419e-01
   2.0000000e+00   7.3568161e-01  -1.1475348e+00  -3.2944105e-01   8.1578061e-01   1.2380230e+00  -7.6635540e-01
   2.0000000e+00  -3.6835557e-01  -2.0174592e-01  -3.8379583e-01  -6.8864232e-01  -1.0857765e+00  -1.0652173e+00
   2.0000000e+00  -1.9926451e-01   8.4969555e-02   2.5259762e-01  -2.6110866e+00  -1.1451569e+00   2.2724176e-01
   2.0000000e+00   3.2260229e-01  -1.9481628e-01   3.6886878e-01  -1.2638633e-01   1.5891755e+00  -3.7232320e-01
   2.0000000e+00   1.4268892e+00  -1.8671626e-01  -1.8488733e-01  -4.7854266e-01  -3.0699865e-01  -8.9134316e-01
   2.0000000e+00   1.0891627e-01  -1.1157987e+00   5.2317337e-01  -4.8610366e-01   3.0623032e+00   2.4494670e-01
   2.0000000e+00   9.2621333e-01   1.3606251e+00   8.3059875e-01  -2.1278437e+00  -5.3636357e-01  -4.6069227e-01
   2.0000000e+00  -1.1853647e-01   1.7118092e+00   2.1175615e+00   4.2960366e-01  -2.2515834e+00  -2.3943797e-01
   2.0000000e+00  -9.9129215e-01  -1.2869353e+00  -4.7736402e-01   1.0687960e-01  -3.1727945e-01   2.2446540e-01
   2.0000000e+00   7.7559974e-01   2.6726722e-01  -3.4763252e-02  -5.5941097e-02  -4.6502702e-01   9.0049107e-01
   2.0000000e+00  -6.4842316e-01   5.5566840e-01  -4.9112747e-01  -1.0961621e+00  -3.3638112e-01  -4.4193936e-01
   2.0000000e+00   1.9291456e+00   2.2462379e-01   2.4831208e+00  -1.2127707e+00   5.8729895e-02  -4.7438869e-01
   2.0000000e+00   3.1930181e-02   1.4428320e+00   7.9264633e-01  -1.8151097e+00   9.8676845e-01  -2.7141562e-01
   2.0000000e+00   1.4654930e+00  -2.1336170e-01   1.0970196e+00  -1.4805890e+00  -1.0491620e+00   2.7964387e-01
   2.0000000e+00  -1.1495882e+00   1.2121665e+00   8.3083001e-01  -1.5531594e+00  -3.5371970e-01   1.3211777e+00
   2.0000000e+00   4.6035667e-02   9.9702396e-01  -7.4217800e-01   3.3707201e-01  -1.2324049e+00  -1.5186570e-01
   2.0000000e+00   6.1568383e-01  -2.1309596e-01  -8.0008143e-01   1.6122374e+00   8.0814922e-01   2.1038306e+00
   2.0000000e+00  -4.2875328e-01  -2.6256174e-01  -3.1912297e-01  -9.4631413e-01  -7.1544676e-02  -2.0508265e+00
   2.0000000e+00  -6.6668192e-01   1.7698347e+00  -7.3651844e-01   2.1156182e-01   7.0614037e-01   6.2730995e-02
   2.0000000e+00   5.1959196e-01   1.9831198e-01  -3.2570773e-01   5.7285871e-01  -4.2218469e-01   1.0794166e+00
   2.0000000e+00  -1.5097139e+00  -1.8042230e+00   1.0511805e-01   9.1587548e-01  -1.0844483e-01   8.9223369e-01
   2.0000000e+00   3.0472828e-01  -1.2200817e-01  -5.0754229e-01   1.7753017e+00  -1.6488164e+00   7.8632202e-01
   1.0000000e+00  -1.2229360e-01  -6.5821759e-01  -6.2208513e-02  -1.3951185e+00   7.0566599e-01  -2.7483395e-02
   2.0000000e+00  -4.1881359e-01   3.6813511e-02   8.8918572e-01   6.0525809e-01   1.4325917e+00   1.3771714e+00
   2.0000000e+00  -4.4940857e-01   1.3935962e+00  -3.6373538e-01  -8.7692833e-01  -2.4418600e-01   1.1736162e+00
   2.0000000e+00  -9.6942972e-01  -1.7437734e+00  -3.6209828e-01   4.5440129e-01  -7.0781348e-01   5.1118052e-02
   2.0000000e+00  -7.7555362e-01   4.4216241e-02   1.7623324e-01  -5.5837242e-01  -7.8990218e-02   7.4716536e-01
   2.0000000e+00   8.2419729e-01   1.2713665e+00   9.8453357e-01   1.2603136e-01  -8.2015203e-01   1.3977450e+00
   2.0000000e+00   3.5995020e-01  -2.1643847e+00  -9.9230657e-01   2.5506353e-01   1.2762495e+00  -4.5452841e-01
   1.0000000e+00  -8.6297137e-01  -8.7503584e-01   8.3232123e-01   9.0610225e-01   4.4296247e-01   2.0321969e+00
   1.0000000e+00  -1.3565756e+00  -9.2278088e-01   4.7136505e-01  -2.8162164e-01   1.8463954e-01   1.6107086e+00
   2.0000000e+00  -5.8445070e-01   1.7585712e-01   1.5177247e+00  -1.6914377e+00   7.1101843e-01  -1.0457936e+00
   2.0000000e+00   1.6539427e+00   7.0892172e-01   1.3564589e+00   1.4604105e+00   2.9448364e-01   5.3039703e-01
   2.0000000e+00  -8.5420972e-01  -4.1382038e-02   4.0144971e-01   3.6616787e-01   2.1660948e+00  -4.4002858e-01
   1.0000000e+00   7.6326943e-02  -7.6399906e-02  -5.4781273e-03  -7.5370001e-01   7.8840170e-01  -1.1909912e-02
   2.0000000e+00  -9.6758458e-01  -1.3866976e+00   4.7098591e-02   5.3994424e-01  -7.2488048e-01  -1.4617931e+00
   1.0000000e+00   8.6121825e-01   3.4804866e-02  -8.5755135e-01   1.0146485e+00   2.2506819e-02  -8.2359214e-01
   2.0000000e+00  -2.9673094e-01   1.6641103e-01   6.1217444e-01   1.5917475e+00  -3.0549669e-02  -1.5653275e-01
   2.0000000e+00  -5.1727926e-01  -1.6876460e+00   1.2918656e+00   4.0269313e-01   7.4097274e-01  -5.5782439e-01
   2.0000000e+00   2.2060612e+00  -1.2713937e-01   1.1159238e+00  -1.3367562e+00   4.1856193e-01  -1.1582755e-01
   2.0000000e+00   5.7576082e-01  -5.9477364e-01  -2.1700050e-01   4.5678123e-01   1.8186909e+00  -1.1280572e+00
   2.0000000e+00  -1.0317429e-01  -7.4012565e-02   1.5460717e+00  -8.6438046e-01   3.9010679e-01  -3.9616526e-01
   1.0000000e+00   1.1774501e+00  -3.1858722e-01   2.1763112e-01  -8.1269709e-01   9.3142917e-01   2.0824516e-01
   2.0000000e+00   7.9128513e-01  -1.0276582e+00   9.9276723e-01   8.6469697e-01   3.5556699e-01   4.1717600e-02
   2.0000000e+00  -7.6861846e-01   1.1125302e+00   1.6802363e+00  -1.4617310e+00  -8.2148672e-02  -9.9245892e-02
   2.0000000e+00   5.4692642e-02  -1.1866557e+00   1.6105799e+00   1.0094818e+00  -1.5367886e-01  -1.0044528e+00
   2.0000000e+00  -7.7491387e-01   3.6187063e-01   2.3541868e-01   3.0628632e-02  -9.8440528e-02   1.8314142e+00
   2.0000000e+00   8.6116099e-01  -4.5112769e-01  -5.4296467e-01  -1.3031065e+00  -1.1454850e+00   3.5353524e-01
   2.0000000e+00   2.0711681e-01   3.3676400e-01   1.5286803e+00   3.6359842e-01   3.8088168e-02   1.1998826e+00
   2.0000000e+00  -4.7712522e-01  -1.1803832e+00   1.3440348e+00   4.7488207e-01   1.1393396e+00  -4.8425610e-01
   2.0000000e+00  -1.7224109e+00   8.0275215e-01   1.8512113e+00  -1.9304238e-01   3.4491257e-01   2.1857664e-01
   2.0000000e+00  -4.2601058e-01   1.3237407e+00   1.8106486e-01   1.0584642e+00   9.8371699e-01  -6.9638960e-01
   2.0000000e+00   1.3333071e+00  -9.8353485e-01  -7.1951551e-01   1.6875292e+00  -9.6238328e-02  -1.7001361e-01
   1.0000000e+00  -1.3187266e+00  -3.9466578e-01  -3.7987212e-01  -1.0860819e+00   4.6339470e-01  -8.8366702e-01
   2.0000000e+00   6.4999018e-01  -5.2581530e-01  -8.4226918e-01   9.7775437e-02  -1.4052059e+00   2.2125285e+00
   1.0000000e+00  -1.1273957e+00  -1.5430018e-01   1.5265823e-01   8.0468194e-01   8.2921316e-01   1.7102780e+00
   2.0000000e+00   4.6333918e-02   1.4420031e+00  -1.8727907e-01   7.7220582e-01  -1.5720725e+00   1.1385231e+00
   2.0000000e+00   8.8131774e-01  -8.2195063e-01   4.9422822e-01   4.6353468e-01  -3.5882765e-01   2.1852911e-02
   1.0000000e+00   9.8350388e-02   5.2040747e-02  -6.7906113e-01  -1.6543671e+00   1.0968432e-01  -2.2516978e-01
   1.0000000e+00  -4.3903485e-01  -3.9909712e-01   2.6802256e-02   1.5923355e+00   1.8116121e-01   7.9857096e-01
   2.0000000e+00   1.4553012e+00  -9.0005481e-01   1.5890782e+00   2.3299877e-01   1.6631176e+00  -2.5097814e-01
   2.0000000e+00   3.8935756e-01  -1.2661665e+00  -6.3268442e-01  -1.8330707e+00  -1.1783912e+00   6.5116020e-01
   2.0000000e+00  -9.1675383e-02   5.7183567e-02   1.7261740e+00   2.1070588e+00  -5.1116799e-01  -4.7990848e-01
   2.0000000e+00   4.9099585e-01   4.6531690e-01  -3.6501270e-02  -7.3457651e-01  -6.5726913e-01   2.4883566e-02
   2.0000000e+00  -7.0300184e-01  -4.1030916e-01  -3.5945816e-01   1.1761053e+00  -5.2436341e-01  -1.4076813e+00
   2.0000000e+00  -3.6923016e-01  -1.2563530e+00  -1.1077263e-04  -1.6993141e-01  -3.7826375e-01  -9.2650364e-01
   2.0000000e+00  -5.3302906e-01  -9.3310398e-01  -9.4528315e-01   2.1907187e-01   1.2967017e+00   5.3434462e-01
   1.0000000e+00   1.9691719e-01  -7.2041193e-01  -5.7727521e-01  -3.4186612e-01   3.8343152e-01  -4.2041786e-01
   1.0000000e+00   1.3228572e-02   3.7252271e-01  -2.6843272e-01   2.4596107e-01   6.9471528e-01   7.6364929e-01
   2.0000000e+00  -1.5106240e+00  -1.1489911e+00  -8.2317560e-01  -6.3111441e-01  -2.0278097e+00   1.6571171e-01
   2.0000000e+00   1.9282579e+00   1.0172896e+00   1.2619533e+00  -2.0078990e+00  -8.6315095e-01   9.0825156e-01
   2.0000000e+00   1.6129414e+00  -3.8146820e-01  -1.1285584e+00   8.6513435e-01  -9.0162973e-01  -9.5943977e-01
   2.0000000e+00   1.9430335e+00   1.0617256e+00   1.3459518e+00  -4.6834877e-01   7.7561109e-01  -3.2365411e-01
   2.0000000e+00  -9.1745259e-02   2.2511757e+00  -1.8721732e+00   1.5577577e-01  -1.4052329e+00   2.2850043e-01
   1.0000000e+00  -9.3801407e-02  -3.5946745e-01  -6.7083357e-01  -3.1012461e-01   2.7682983e-01  -1.6377972e+00
   2.0000000e+00   5.1075625e-02  -5.4498764e-01  -5.9793568e-01  -5.1673386e-01  -2.0311356e-01  -6.1716291e-01
   2.0000000e+00   2.4298893e+00  -8.3158414e-01   5.1390710e-02  -3.4805784e-01  -5.9890316e-01  -1.5522034e+00
   2.0000000e+00   3.7565612e-01   1.5452347e+00  -4.2812068e-01  -3.6359854e-01  -2.8427368e-01  -8.2139983e-01
   1.0000000e+00  -1.7173879e+00  -1.2868732e-01  -4.1954709e-02   1.1490347e-01   2.8173810e-01   8.2526145e-01
   2.0000000e+00   1.7369534e+00  -1.2255067e+00  -7.9752425e-01  -4.6445194e-01  -5.4870211e-01  -1.3943914e+00
   2.0000000e+00  -6.0386299e-01   1.4419749e-01  -1.4731673e+00  -3.8531186e-01  -1.2322523e+00   3.5839011e-02
   1.0000000e+00  -4.4421085e-02  -4.2371694e-01  -3.5281289e-01   7.3949454e-02   5.7344250e-02   1.1263463e+00
   2.0000000e+00  -9.1158184e-01   6.6014253e-01   2.8371335e-01   1.4213126e+00   1.6771526e+00  -6.1167718e-01
   2.0000000e+00  -7.2415363e-01   6.4664213e-01  -1.0698908e+00  -1.8208342e+00  -9.8329766e-02  -1.1136705e+00
   2.0000000e+00   8.9785847e-02  -3.0894052e-02   7.0169801e-01  -1.1129069e+00  -1.3174943e+00   8.0388877e-01
   2.0000000e+00   2.7544587e-02   3.0202384e-01  -1.1753417e+00  -5.6900685e-02  -5.3504841e-01  -2.1962711e-01
   2.0000000e+00  -6.1370996e-01   1.7215428e+00   1.4479076e-01  -1.3439297e+00   1.2620257e+00  -1.8912920e-01
   2.0000000e+00   3.6938383e-01   2.3153300e-01  -8.3660118e-01  -9.9666934e-01   1.0072211e+00  -8.9643725e-01
